ARRIVAL_REQUEST_@TIME,SLICE_MEC_CPU_REQUEST,SLICE_MEC_RAM_REQUEST,SLICE_MEC_STORAGE_REQUEST,SLICE_MEC_BW_REQUEST,SLICE_RAN_R_REQUEST,SLICE_RAN_L_REQUEST,SLICE_KILL_@TIME
0.001,4.0,8.0,20.0,14.0,30.0,1.0,2.001
0.001,2.0,4.0,8.0,5.0,10.0,8.0,3.001
0.156,4.0,8.0,32.0,20.0,45.0,1.0,10.156
0.171,4.0,8.0,20.0,14.0,30.0,1.0,4.171
0.171,4.0,16.0,64.0,30.0,54.0,20.0,14.171
0.19,2.0,4.0,10.0,10.0,5.0,40.0,10.19
0.255,4.0,8.0,16.0,25.0,28.0,5.0,12.255
0.272,2.0,16.0,20.0,25.0,35.0,25.0,3.272
0.301,4.0,8.0,16.0,25.0,28.0,5.0,6.301
0.34,4.0,4.0,16.0,20.0,25.0,2.0,13.34
0.345,4.0,8.0,20.0,14.0,30.0,1.0,7.345
0.351,1.0,2.0,5.0,2.0,8.0,35.0,12.351
0.408,4.0,12.0,64.0,30.0,50.0,15.0,13.408
0.415,2.0,16.0,20.0,25.0,35.0,25.0,4.415
0.416,4.0,8.0,16.0,25.0,28.0,5.0,9.416
0.422,2.0,4.0,10.0,10.0,5.0,40.0,11.422
0.431,2.0,4.0,10.0,8.0,15.0,7.0,10.431
0.463,4.0,8.0,25.0,15.0,40.0,30.0,2.463
0.48,1.0,2.0,5.0,2.0,8.0,35.0,9.48
0.523,4.0,16.0,64.0,30.0,54.0,20.0,9.523
0.535,4.0,4.0,16.0,20.0,25.0,2.0,8.535
0.553,1.0,2.0,5.0,2.0,8.0,35.0,11.553
0.572,4.0,8.0,20.0,14.0,30.0,1.0,5.572
0.581,4.0,12.0,64.0,30.0,50.0,15.0,8.581
0.628,4.0,8.0,25.0,15.0,40.0,30.0,3.628
0.634,2.0,16.0,20.0,25.0,35.0,25.0,6.634
0.665,4.0,8.0,20.0,14.0,30.0,1.0,6.665
0.682,4.0,8.0,16.0,25.0,28.0,5.0,11.682
0.691,4.0,4.0,16.0,20.0,25.0,2.0,11.691
0.699,1.0,2.0,5.0,2.0,8.0,35.0,12.699
0.706,2.0,4.0,8.0,5.0,10.0,8.0,1.706
0.766,4.0,4.0,16.0,20.0,25.0,2.0,7.766
0.768,2.0,16.0,20.0,25.0,35.0,25.0,2.768
0.806,1.0,2.0,5.0,2.0,8.0,35.0,15.806
0.823,4.0,8.0,16.0,25.0,28.0,5.0,14.823
0.879,1.0,2.0,5.0,2.0,8.0,35.0,6.879
0.899,4.0,8.0,16.0,25.0,28.0,5.0,12.899
0.902,4.0,8.0,16.0,25.0,28.0,5.0,6.902
0.984,1.0,2.0,5.0,2.0,8.0,35.0,7.984
0.986,4.0,12.0,64.0,30.0,50.0,15.0,6.986
1.002,2.0,4.0,8.0,5.0,10.0,8.0,4.002
1.069,2.0,4.0,8.0,5.0,10.0,8.0,4.069
1.105,2.0,4.0,8.0,5.0,10.0,8.0,3.105
1.132,4.0,8.0,25.0,15.0,40.0,30.0,3.132
1.15,4.0,12.0,64.0,30.0,50.0,15.0,11.15
1.168,4.0,8.0,16.0,25.0,28.0,5.0,15.168
1.173,4.0,16.0,64.0,30.0,54.0,20.0,12.173
1.182,4.0,8.0,25.0,15.0,40.0,30.0,3.182
1.192,2.0,4.0,10.0,10.0,5.0,40.0,12.192
1.213,4.0,8.0,25.0,15.0,40.0,30.0,4.213
1.218,4.0,8.0,16.0,25.0,28.0,5.0,12.218
1.276,4.0,8.0,20.0,14.0,30.0,1.0,8.276
1.357,4.0,8.0,32.0,20.0,45.0,1.0,13.357
1.368,4.0,12.0,64.0,30.0,50.0,15.0,11.368
1.406,2.0,4.0,8.0,5.0,10.0,8.0,3.406
1.406,2.0,16.0,20.0,25.0,35.0,25.0,6.406
1.468,4.0,12.0,64.0,30.0,50.0,15.0,13.468
1.485,2.0,16.0,20.0,25.0,35.0,25.0,6.485
1.506,4.0,8.0,16.0,25.0,28.0,5.0,5.506
1.509,4.0,8.0,25.0,15.0,40.0,30.0,4.509
1.576,4.0,8.0,20.0,14.0,30.0,1.0,6.576
1.579,2.0,4.0,10.0,8.0,15.0,7.0,9.579
1.629,4.0,4.0,16.0,20.0,25.0,2.0,10.629
1.665,4.0,16.0,64.0,30.0,54.0,20.0,17.665
1.711,2.0,4.0,10.0,10.0,5.0,40.0,5.711
1.753,2.0,4.0,10.0,8.0,15.0,7.0,12.753
1.758,4.0,8.0,25.0,15.0,40.0,30.0,1.758
1.761,4.0,4.0,16.0,20.0,25.0,2.0,10.761
1.783,4.0,8.0,32.0,20.0,45.0,1.0,9.783
1.828,2.0,4.0,10.0,10.0,5.0,40.0,11.828
1.841,4.0,4.0,16.0,20.0,25.0,2.0,5.841
1.852,2.0,4.0,8.0,5.0,10.0,8.0,3.852
1.859,2.0,16.0,20.0,25.0,35.0,25.0,5.859
1.884,4.0,8.0,20.0,14.0,30.0,1.0,2.884
1.898,1.0,2.0,5.0,2.0,8.0,35.0,15.898
1.938,2.0,16.0,20.0,25.0,35.0,25.0,8.938
1.996,1.0,2.0,5.0,2.0,8.0,35.0,13.996
2.058,4.0,8.0,32.0,20.0,45.0,1.0,10.058
2.063,4.0,8.0,25.0,15.0,40.0,30.0,5.063
2.086,2.0,16.0,20.0,25.0,35.0,25.0,8.086
2.099,2.0,4.0,10.0,8.0,15.0,7.0,9.099
2.1,2.0,4.0,10.0,8.0,15.0,7.0,11.1
2.13,4.0,8.0,25.0,15.0,40.0,30.0,4.13
2.142,2.0,4.0,8.0,5.0,10.0,8.0,7.142
2.159,2.0,4.0,10.0,8.0,15.0,7.0,8.159
2.199,4.0,8.0,20.0,14.0,30.0,1.0,6.199
2.236,2.0,4.0,8.0,5.0,10.0,8.0,5.236
2.41,4.0,12.0,64.0,30.0,50.0,15.0,4.41
2.417,4.0,12.0,64.0,30.0,50.0,15.0,14.417
2.419,2.0,4.0,8.0,5.0,10.0,8.0,7.419
2.423,2.0,4.0,8.0,5.0,10.0,8.0,2.423
2.444,2.0,4.0,10.0,8.0,15.0,7.0,13.444
2.518,4.0,8.0,32.0,20.0,45.0,1.0,10.518
2.535,2.0,16.0,20.0,25.0,35.0,25.0,7.535
2.58,2.0,4.0,10.0,10.0,5.0,40.0,16.58
2.608,4.0,8.0,25.0,15.0,40.0,30.0,6.608
2.737,4.0,8.0,20.0,14.0,30.0,1.0,6.737
2.767,4.0,16.0,64.0,30.0,54.0,20.0,8.767
2.776,2.0,4.0,8.0,5.0,10.0,8.0,4.776
2.815,4.0,8.0,25.0,15.0,40.0,30.0,9.815
