ARRIVAL_REQUEST_@TIME,SLICE_MEC_CPU_REQUEST,SLICE_MEC_RAM_REQUEST,SLICE_MEC_STORAGE_REQUEST,SLICE_MEC_BW_REQUEST,SLICE_RAN_R_REQUEST,SLICE_RAN_L_REQUEST,SLICE_KILL_@TIME
0.012,4.0,8.0,20.0,14.0,30.0,1.0,7.012
0.024,4.0,8.0,25.0,15.0,40.0,30.0,4.024
0.041,2.0,4.0,8.0,5.0,10.0,8.0,2.041
0.041,2.0,16.0,20.0,25.0,35.0,25.0,10.041
0.061,4.0,8.0,16.0,25.0,28.0,5.0,12.061
0.076,4.0,12.0,64.0,30.0,50.0,15.0,10.076
0.11,2.0,4.0,8.0,5.0,10.0,8.0,3.11
0.115,2.0,16.0,20.0,25.0,35.0,25.0,3.115
0.121,2.0,4.0,10.0,10.0,5.0,40.0,10.121
0.133,2.0,4.0,8.0,5.0,10.0,8.0,2.133
0.157,4.0,8.0,32.0,20.0,45.0,1.0,7.157
0.166,4.0,8.0,32.0,20.0,45.0,1.0,9.166
0.179,2.0,16.0,20.0,25.0,35.0,25.0,4.179
0.229,4.0,12.0,64.0,30.0,50.0,15.0,8.229
0.229,1.0,2.0,5.0,2.0,8.0,35.0,13.229
0.231,4.0,8.0,25.0,15.0,40.0,30.0,3.231
0.28,2.0,4.0,10.0,10.0,5.0,40.0,8.28
0.295,2.0,4.0,10.0,8.0,15.0,7.0,14.295
0.388,1.0,2.0,5.0,2.0,8.0,35.0,8.388
0.396,2.0,4.0,8.0,5.0,10.0,8.0,4.396
0.444,2.0,4.0,10.0,10.0,5.0,40.0,13.444
0.482,2.0,4.0,10.0,8.0,15.0,7.0,9.482
0.506,1.0,2.0,5.0,2.0,8.0,35.0,9.506
0.617,4.0,12.0,64.0,30.0,50.0,15.0,8.617
0.69,1.0,2.0,5.0,2.0,8.0,35.0,12.69
0.711,4.0,8.0,16.0,25.0,28.0,5.0,4.711
0.79,2.0,16.0,20.0,25.0,35.0,25.0,4.79
0.852,2.0,16.0,20.0,25.0,35.0,25.0,7.852
0.893,4.0,4.0,16.0,20.0,25.0,2.0,11.893
0.915,1.0,2.0,5.0,2.0,8.0,35.0,11.915
0.926,4.0,8.0,16.0,25.0,28.0,5.0,12.926
0.966,4.0,4.0,16.0,20.0,25.0,2.0,6.966
1.068,4.0,16.0,64.0,30.0,54.0,20.0,11.068
1.154,4.0,8.0,25.0,15.0,40.0,30.0,5.154
1.214,2.0,4.0,8.0,5.0,10.0,8.0,2.214
1.228,4.0,8.0,16.0,25.0,28.0,5.0,16.228
1.271,2.0,4.0,10.0,10.0,5.0,40.0,9.271
1.416,4.0,8.0,25.0,15.0,40.0,30.0,1.416
1.435,4.0,8.0,25.0,15.0,40.0,30.0,2.435
1.457,4.0,16.0,64.0,30.0,54.0,20.0,9.457
1.478,1.0,2.0,5.0,2.0,8.0,35.0,10.478
1.497,2.0,4.0,8.0,5.0,10.0,8.0,1.497
1.548,4.0,8.0,25.0,15.0,40.0,30.0,3.548
1.56,2.0,4.0,10.0,10.0,5.0,40.0,8.56
1.565,2.0,16.0,20.0,25.0,35.0,25.0,11.565
1.613,2.0,4.0,8.0,5.0,10.0,8.0,5.613
1.721,4.0,8.0,25.0,15.0,40.0,30.0,4.721
1.763,4.0,16.0,64.0,30.0,54.0,20.0,6.763
1.816,4.0,12.0,64.0,30.0,50.0,15.0,9.816
1.833,2.0,4.0,8.0,5.0,10.0,8.0,5.833
1.872,4.0,8.0,16.0,25.0,28.0,5.0,9.872
1.901,2.0,16.0,20.0,25.0,35.0,25.0,6.901
1.932,4.0,8.0,25.0,15.0,40.0,30.0,4.932
1.957,4.0,4.0,16.0,20.0,25.0,2.0,8.957
1.979,2.0,4.0,8.0,5.0,10.0,8.0,5.979
1.989,2.0,4.0,10.0,10.0,5.0,40.0,10.989
1.99,4.0,8.0,32.0,20.0,45.0,1.0,12.99
2.001,4.0,8.0,16.0,25.0,28.0,5.0,16.001
2.005,2.0,16.0,20.0,25.0,35.0,25.0,9.005
2.035,1.0,2.0,5.0,2.0,8.0,35.0,12.035
2.05,2.0,4.0,10.0,10.0,5.0,40.0,11.05
2.05,4.0,16.0,64.0,30.0,54.0,20.0,10.05
2.072,4.0,8.0,16.0,25.0,28.0,5.0,11.072
2.109,2.0,16.0,20.0,25.0,35.0,25.0,9.109
2.14,2.0,4.0,8.0,5.0,10.0,8.0,4.14
2.153,4.0,8.0,20.0,14.0,30.0,1.0,4.153
2.177,4.0,8.0,20.0,14.0,30.0,1.0,7.177
2.199,2.0,4.0,8.0,5.0,10.0,8.0,6.199
2.206,4.0,4.0,16.0,20.0,25.0,2.0,16.206
2.222,4.0,8.0,32.0,20.0,45.0,1.0,9.222
2.226,2.0,4.0,8.0,5.0,10.0,8.0,2.226
2.232,2.0,4.0,10.0,8.0,15.0,7.0,14.232
2.242,2.0,16.0,20.0,25.0,35.0,25.0,8.242
2.274,4.0,12.0,64.0,30.0,50.0,15.0,12.274
2.279,4.0,8.0,25.0,15.0,40.0,30.0,5.279
2.302,4.0,16.0,64.0,30.0,54.0,20.0,7.302
2.309,1.0,2.0,5.0,2.0,8.0,35.0,8.309
2.31,4.0,12.0,64.0,30.0,50.0,15.0,12.31
2.331,4.0,8.0,32.0,20.0,45.0,1.0,11.331
2.353,2.0,16.0,20.0,25.0,35.0,25.0,9.353
2.362,4.0,8.0,20.0,14.0,30.0,1.0,8.362
2.377,1.0,2.0,5.0,2.0,8.0,35.0,7.377
2.384,4.0,16.0,64.0,30.0,54.0,20.0,4.384
2.39,4.0,8.0,25.0,15.0,40.0,30.0,6.39
2.395,2.0,4.0,10.0,8.0,15.0,7.0,15.395
2.411,1.0,2.0,5.0,2.0,8.0,35.0,6.411
2.446,4.0,8.0,16.0,25.0,28.0,5.0,18.446
2.468,2.0,4.0,8.0,5.0,10.0,8.0,4.468
2.516,2.0,4.0,8.0,5.0,10.0,8.0,6.516
2.553,4.0,8.0,25.0,15.0,40.0,30.0,5.553
2.555,4.0,8.0,32.0,20.0,45.0,1.0,12.555
2.575,4.0,8.0,25.0,15.0,40.0,30.0,5.575
2.603,4.0,8.0,16.0,25.0,28.0,5.0,15.603
2.613,4.0,4.0,16.0,20.0,25.0,2.0,16.613
2.619,4.0,4.0,16.0,20.0,25.0,2.0,15.619
2.65,2.0,4.0,8.0,5.0,10.0,8.0,7.65
2.659,4.0,8.0,16.0,25.0,28.0,5.0,8.659
2.737,4.0,8.0,20.0,14.0,30.0,1.0,7.737
2.763,2.0,4.0,10.0,10.0,5.0,40.0,14.763
2.767,2.0,4.0,8.0,5.0,10.0,8.0,7.767
2.805,2.0,4.0,10.0,10.0,5.0,40.0,12.805
