ARRIVAL_REQUEST_@TIME,SLICE_MEC_CPU_REQUEST,SLICE_MEC_RAM_REQUEST,SLICE_MEC_STORAGE_REQUEST,SLICE_MEC_BW_REQUEST,SLICE_RAN_R_REQUEST,SLICE_RAN_L_REQUEST,SLICE_KILL_@TIME
0.034,2.0,4.0,8.0,5.0,10.0,8.0,2.034
0.039,2.0,16.0,20.0,25.0,35.0,25.0,5.039
0.045,4.0,8.0,25.0,15.0,40.0,30.0,1.045
0.075,2.0,4.0,8.0,5.0,10.0,8.0,2.075
0.222,2.0,4.0,10.0,8.0,15.0,7.0,11.222
0.222,2.0,4.0,10.0,10.0,5.0,40.0,7.222
0.24,2.0,4.0,8.0,5.0,10.0,8.0,2.24
0.281,4.0,8.0,25.0,15.0,40.0,30.0,2.281
0.317,2.0,4.0,8.0,5.0,10.0,8.0,3.317
0.319,1.0,2.0,5.0,2.0,8.0,35.0,10.319
0.351,4.0,8.0,32.0,20.0,45.0,1.0,5.351
0.353,2.0,4.0,10.0,10.0,5.0,40.0,12.353
0.36,4.0,8.0,25.0,15.0,40.0,30.0,4.36
0.438,4.0,8.0,25.0,15.0,40.0,30.0,1.438
0.537,1.0,2.0,5.0,2.0,8.0,35.0,7.537
0.547,4.0,8.0,32.0,20.0,45.0,1.0,10.547
0.553,1.0,2.0,5.0,2.0,8.0,35.0,11.553
0.571,4.0,8.0,20.0,14.0,30.0,1.0,2.571
0.644,4.0,4.0,16.0,20.0,25.0,2.0,11.644
0.67,2.0,4.0,10.0,10.0,5.0,40.0,13.67
0.69,2.0,4.0,8.0,5.0,10.0,8.0,3.69
0.726,4.0,8.0,16.0,25.0,28.0,5.0,9.726
0.728,4.0,12.0,64.0,30.0,50.0,15.0,11.728
0.784,2.0,16.0,20.0,25.0,35.0,25.0,3.784
0.829,4.0,8.0,16.0,25.0,28.0,5.0,9.829
0.838,2.0,4.0,8.0,5.0,10.0,8.0,4.838
0.894,4.0,4.0,16.0,20.0,25.0,2.0,9.894
0.906,4.0,16.0,64.0,30.0,54.0,20.0,10.906
0.94,2.0,4.0,10.0,8.0,15.0,7.0,6.94
0.993,2.0,16.0,20.0,25.0,35.0,25.0,6.993
0.996,4.0,8.0,16.0,25.0,28.0,5.0,14.996
1.014,1.0,2.0,5.0,2.0,8.0,35.0,11.014
1.025,4.0,8.0,32.0,20.0,45.0,1.0,12.025
1.05,2.0,4.0,10.0,10.0,5.0,40.0,10.05
1.07,1.0,2.0,5.0,2.0,8.0,35.0,11.07
1.157,2.0,4.0,8.0,5.0,10.0,8.0,4.157
1.175,4.0,4.0,16.0,20.0,25.0,2.0,5.175
1.18,4.0,8.0,25.0,15.0,40.0,30.0,8.18
1.199,2.0,4.0,8.0,5.0,10.0,8.0,7.199
1.234,4.0,8.0,25.0,15.0,40.0,30.0,2.234
1.24,1.0,2.0,5.0,2.0,8.0,35.0,11.24
1.241,2.0,4.0,10.0,8.0,15.0,7.0,17.241
1.272,2.0,4.0,10.0,10.0,5.0,40.0,6.272
1.281,2.0,16.0,20.0,25.0,35.0,25.0,6.281
1.31,2.0,4.0,8.0,5.0,10.0,8.0,4.31
1.418,4.0,4.0,16.0,20.0,25.0,2.0,11.418
1.427,2.0,16.0,20.0,25.0,35.0,25.0,5.427
1.468,4.0,12.0,64.0,30.0,50.0,15.0,9.468
1.514,2.0,4.0,10.0,8.0,15.0,7.0,11.514
1.517,4.0,12.0,64.0,30.0,50.0,15.0,10.517
1.522,4.0,16.0,64.0,30.0,54.0,20.0,12.522
1.529,1.0,2.0,5.0,2.0,8.0,35.0,12.529
1.574,2.0,4.0,8.0,5.0,10.0,8.0,5.574
1.597,4.0,8.0,16.0,25.0,28.0,5.0,17.597
1.687,1.0,2.0,5.0,2.0,8.0,35.0,6.687
1.719,4.0,16.0,64.0,30.0,54.0,20.0,8.719
1.732,2.0,4.0,10.0,10.0,5.0,40.0,12.732
1.749,2.0,16.0,20.0,25.0,35.0,25.0,5.749
1.779,4.0,8.0,25.0,15.0,40.0,30.0,5.779
1.789,2.0,4.0,10.0,10.0,5.0,40.0,11.789
1.815,2.0,4.0,10.0,8.0,15.0,7.0,6.815
1.828,4.0,12.0,64.0,30.0,50.0,15.0,8.828
1.869,4.0,8.0,25.0,15.0,40.0,30.0,8.869
1.919,4.0,8.0,16.0,25.0,28.0,5.0,16.919
1.927,4.0,12.0,64.0,30.0,50.0,15.0,13.927
2.044,4.0,12.0,64.0,30.0,50.0,15.0,13.044
2.114,2.0,4.0,8.0,5.0,10.0,8.0,6.114
2.148,2.0,4.0,10.0,8.0,15.0,7.0,16.148
2.152,2.0,16.0,20.0,25.0,35.0,25.0,7.152
2.154,2.0,4.0,8.0,5.0,10.0,8.0,6.154
2.155,1.0,2.0,5.0,2.0,8.0,35.0,14.155
2.25,4.0,12.0,64.0,30.0,50.0,15.0,14.25
2.254,4.0,8.0,16.0,25.0,28.0,5.0,13.254
2.319,2.0,4.0,10.0,10.0,5.0,40.0,10.319
2.47,4.0,8.0,20.0,14.0,30.0,1.0,6.47
2.471,4.0,16.0,64.0,30.0,54.0,20.0,10.471
2.475,2.0,4.0,10.0,10.0,5.0,40.0,8.475
2.523,4.0,16.0,64.0,30.0,54.0,20.0,9.523
2.548,4.0,8.0,20.0,14.0,30.0,1.0,7.548
2.566,2.0,4.0,10.0,10.0,5.0,40.0,13.566
2.616,4.0,16.0,64.0,30.0,54.0,20.0,6.616
2.618,4.0,8.0,16.0,25.0,28.0,5.0,11.618
2.643,2.0,4.0,10.0,8.0,15.0,7.0,16.643
2.668,2.0,4.0,8.0,5.0,10.0,8.0,3.668
2.735,4.0,16.0,64.0,30.0,54.0,20.0,7.735
2.747,4.0,8.0,16.0,25.0,28.0,5.0,15.747
2.82,4.0,4.0,16.0,20.0,25.0,2.0,12.82
2.862,4.0,8.0,32.0,20.0,45.0,1.0,12.862
2.905,4.0,12.0,64.0,30.0,50.0,15.0,12.905
2.909,2.0,4.0,10.0,8.0,15.0,7.0,10.909
2.97,4.0,8.0,16.0,25.0,28.0,5.0,16.97
2.978,4.0,8.0,16.0,25.0,28.0,5.0,13.978
2.98,2.0,4.0,10.0,8.0,15.0,7.0,14.98
2.985,1.0,2.0,5.0,2.0,8.0,35.0,9.985
2.987,4.0,8.0,20.0,14.0,30.0,1.0,6.987
3.002,4.0,8.0,25.0,15.0,40.0,30.0,11.002
3.02,2.0,4.0,8.0,5.0,10.0,8.0,4.02
3.071,2.0,4.0,10.0,10.0,5.0,40.0,15.071
3.083,4.0,16.0,64.0,30.0,54.0,20.0,9.083
3.104,2.0,4.0,10.0,8.0,15.0,7.0,18.104
3.127,4.0,8.0,32.0,20.0,45.0,1.0,11.127
