ARRIVAL_REQUEST_@TIME,SLICE_MEC_CPU_REQUEST,SLICE_MEC_RAM_REQUEST,SLICE_MEC_STORAGE_REQUEST,SLICE_MEC_BW_REQUEST,SLICE_RAN_R_REQUEST,SLICE_RAN_L_REQUEST,SLICE_KILL_@TIME
0.016,4.0,8.0,25.0,15.0,40.0,30.0,5.016
0.043,2.0,4.0,8.0,5.0,10.0,8.0,1.043
0.05,4.0,8.0,25.0,15.0,40.0,30.0,1.05
0.065,2.0,16.0,20.0,25.0,35.0,25.0,5.065
0.107,2.0,4.0,8.0,5.0,10.0,8.0,2.107
0.111,1.0,2.0,5.0,2.0,8.0,35.0,15.111
0.186,1.0,2.0,5.0,2.0,8.0,35.0,7.186
0.187,2.0,4.0,8.0,5.0,10.0,8.0,7.187
0.199,2.0,4.0,10.0,10.0,5.0,40.0,7.199
0.248,4.0,8.0,20.0,14.0,30.0,1.0,4.248
0.248,4.0,8.0,20.0,14.0,30.0,1.0,5.248
0.257,4.0,8.0,20.0,14.0,30.0,1.0,7.257
0.279,2.0,4.0,8.0,5.0,10.0,8.0,3.279
0.305,1.0,2.0,5.0,2.0,8.0,35.0,7.305
0.307,1.0,2.0,5.0,2.0,8.0,35.0,7.307
0.396,4.0,16.0,64.0,30.0,54.0,20.0,3.396
0.402,4.0,8.0,16.0,25.0,28.0,5.0,10.402
0.429,2.0,4.0,8.0,5.0,10.0,8.0,1.429
0.434,4.0,8.0,32.0,20.0,45.0,1.0,4.434
0.439,2.0,4.0,10.0,10.0,5.0,40.0,13.439
0.455,4.0,8.0,25.0,15.0,40.0,30.0,4.455
0.457,4.0,8.0,16.0,25.0,28.0,5.0,11.457
0.53,2.0,4.0,8.0,5.0,10.0,8.0,6.53
0.579,4.0,8.0,16.0,25.0,28.0,5.0,13.579
0.621,2.0,16.0,20.0,25.0,35.0,25.0,4.621
0.627,2.0,4.0,8.0,5.0,10.0,8.0,3.627
0.636,4.0,4.0,16.0,20.0,25.0,2.0,11.636
0.697,4.0,8.0,16.0,25.0,28.0,5.0,10.697
0.699,2.0,4.0,10.0,10.0,5.0,40.0,9.699
0.747,4.0,16.0,64.0,30.0,54.0,20.0,4.747
0.773,4.0,8.0,25.0,15.0,40.0,30.0,0.773
0.794,4.0,8.0,32.0,20.0,45.0,1.0,5.794
0.836,4.0,16.0,64.0,30.0,54.0,20.0,9.836
0.843,4.0,4.0,16.0,20.0,25.0,2.0,9.843
0.871,4.0,8.0,25.0,15.0,40.0,30.0,3.871
0.872,4.0,8.0,16.0,25.0,28.0,5.0,6.872
0.873,2.0,16.0,20.0,25.0,35.0,25.0,3.873
0.897,1.0,2.0,5.0,2.0,8.0,35.0,9.897
0.903,2.0,4.0,8.0,5.0,10.0,8.0,5.903
0.926,4.0,8.0,16.0,25.0,28.0,5.0,13.926
0.975,4.0,4.0,16.0,20.0,25.0,2.0,12.975
0.976,4.0,16.0,64.0,30.0,54.0,20.0,8.976
0.995,4.0,8.0,16.0,25.0,28.0,5.0,8.995
1.002,4.0,8.0,16.0,25.0,28.0,5.0,12.002
1.087,2.0,16.0,20.0,25.0,35.0,25.0,4.087
1.116,2.0,4.0,8.0,5.0,10.0,8.0,2.116
1.145,4.0,8.0,20.0,14.0,30.0,1.0,5.145
1.167,4.0,8.0,20.0,14.0,30.0,1.0,7.167
1.215,2.0,4.0,10.0,8.0,15.0,7.0,17.215
1.228,4.0,8.0,25.0,15.0,40.0,30.0,3.228
1.341,2.0,4.0,8.0,5.0,10.0,8.0,3.341
1.38,2.0,16.0,20.0,25.0,35.0,25.0,6.38
1.394,2.0,4.0,8.0,5.0,10.0,8.0,3.394
1.455,4.0,4.0,16.0,20.0,25.0,2.0,12.455
1.471,4.0,8.0,32.0,20.0,45.0,1.0,13.471
1.587,2.0,16.0,20.0,25.0,35.0,25.0,5.587
1.63,2.0,4.0,10.0,8.0,15.0,7.0,9.63
1.739,4.0,8.0,25.0,15.0,40.0,30.0,2.739
1.766,2.0,4.0,8.0,5.0,10.0,8.0,7.766
1.776,4.0,8.0,20.0,14.0,30.0,1.0,7.776
1.784,4.0,16.0,64.0,30.0,54.0,20.0,9.784
1.789,4.0,12.0,64.0,30.0,50.0,15.0,11.789
1.792,2.0,4.0,10.0,10.0,5.0,40.0,12.792
1.805,4.0,8.0,25.0,15.0,40.0,30.0,4.805
1.819,2.0,4.0,8.0,5.0,10.0,8.0,4.819
1.852,2.0,4.0,8.0,5.0,10.0,8.0,7.852
1.867,4.0,8.0,16.0,25.0,28.0,5.0,16.867
1.879,2.0,16.0,20.0,25.0,35.0,25.0,10.879
1.922,2.0,4.0,8.0,5.0,10.0,8.0,3.922
1.931,4.0,12.0,64.0,30.0,50.0,15.0,14.931
1.931,1.0,2.0,5.0,2.0,8.0,35.0,11.931
1.941,2.0,4.0,10.0,10.0,5.0,40.0,11.941
1.946,2.0,16.0,20.0,25.0,35.0,25.0,5.946
2.003,4.0,8.0,32.0,20.0,45.0,1.0,9.003
2.031,4.0,12.0,64.0,30.0,50.0,15.0,10.031
2.031,1.0,2.0,5.0,2.0,8.0,35.0,12.031
2.183,4.0,8.0,25.0,15.0,40.0,30.0,10.183
2.201,2.0,4.0,10.0,8.0,15.0,7.0,14.201
2.294,4.0,4.0,16.0,20.0,25.0,2.0,8.294
2.296,1.0,2.0,5.0,2.0,8.0,35.0,12.296
2.338,2.0,16.0,20.0,25.0,35.0,25.0,6.338
2.367,1.0,2.0,5.0,2.0,8.0,35.0,21.367
2.426,4.0,4.0,16.0,20.0,25.0,2.0,9.426
2.448,4.0,16.0,64.0,30.0,54.0,20.0,8.448
2.545,4.0,8.0,16.0,25.0,28.0,5.0,12.545
2.615,4.0,8.0,25.0,15.0,40.0,30.0,5.615
2.641,4.0,8.0,20.0,14.0,30.0,1.0,6.641
2.669,4.0,8.0,32.0,20.0,45.0,1.0,8.669
2.751,4.0,8.0,20.0,14.0,30.0,1.0,6.751
2.844,2.0,4.0,10.0,8.0,15.0,7.0,10.844
2.921,4.0,8.0,25.0,15.0,40.0,30.0,7.921
2.934,2.0,4.0,8.0,5.0,10.0,8.0,7.934
2.951,2.0,4.0,10.0,10.0,5.0,40.0,11.951
2.985,4.0,8.0,25.0,15.0,40.0,30.0,3.985
3.079,4.0,8.0,25.0,15.0,40.0,30.0,4.079
3.082,2.0,4.0,8.0,5.0,10.0,8.0,4.082
3.103,1.0,2.0,5.0,2.0,8.0,35.0,11.103
3.152,2.0,4.0,10.0,8.0,15.0,7.0,14.152
3.164,4.0,8.0,25.0,15.0,40.0,30.0,6.164
3.165,4.0,8.0,20.0,14.0,30.0,1.0,7.165
3.199,4.0,8.0,16.0,25.0,28.0,5.0,12.199
