ARRIVAL_REQUEST_@TIME,SLICE_MEC_CPU_REQUEST,SLICE_MEC_RAM_REQUEST,SLICE_MEC_STORAGE_REQUEST,SLICE_MEC_BW_REQUEST,SLICE_RAN_R_REQUEST,SLICE_RAN_L_REQUEST,SLICE_KILL_@TIME
0.033,2.0,16.0,20.0,25.0,35.0,25.0,4.033
0.038,4.0,4.0,16.0,20.0,25.0,2.0,7.038
0.087,2.0,16.0,20.0,25.0,35.0,25.0,10.087
0.118,4.0,8.0,32.0,20.0,45.0,1.0,8.118
0.171,4.0,4.0,16.0,20.0,25.0,2.0,7.171
0.174,4.0,8.0,20.0,14.0,30.0,1.0,6.174
0.187,4.0,8.0,25.0,15.0,40.0,30.0,1.187
0.243,2.0,16.0,20.0,25.0,35.0,25.0,4.243
0.344,4.0,16.0,64.0,30.0,54.0,20.0,5.344
0.347,4.0,8.0,25.0,15.0,40.0,30.0,7.347
0.447,4.0,8.0,25.0,15.0,40.0,30.0,3.447
0.541,2.0,4.0,10.0,8.0,15.0,7.0,3.541
0.542,4.0,8.0,32.0,20.0,45.0,1.0,3.542
0.596,1.0,2.0,5.0,2.0,8.0,35.0,7.596
0.654,4.0,16.0,64.0,30.0,54.0,20.0,6.654
0.702,4.0,8.0,16.0,25.0,28.0,5.0,14.702
0.763,4.0,8.0,25.0,15.0,40.0,30.0,3.763
0.793,2.0,4.0,8.0,5.0,10.0,8.0,4.793
0.804,4.0,8.0,20.0,14.0,30.0,1.0,9.804
0.837,2.0,4.0,10.0,8.0,15.0,7.0,11.837
0.876,1.0,2.0,5.0,2.0,8.0,35.0,6.876
0.879,4.0,8.0,16.0,25.0,28.0,5.0,15.879
0.912,2.0,16.0,20.0,25.0,35.0,25.0,5.912
0.918,4.0,8.0,20.0,14.0,30.0,1.0,3.918
1.006,4.0,12.0,64.0,30.0,50.0,15.0,18.006
1.01,4.0,8.0,20.0,14.0,30.0,1.0,7.01
1.023,1.0,2.0,5.0,2.0,8.0,35.0,8.023
1.135,4.0,8.0,20.0,14.0,30.0,1.0,7.135
1.163,4.0,12.0,64.0,30.0,50.0,15.0,10.163
1.194,4.0,8.0,16.0,25.0,28.0,5.0,12.194
1.211,4.0,8.0,32.0,20.0,45.0,1.0,8.211
1.221,4.0,12.0,64.0,30.0,50.0,15.0,13.221
1.224,4.0,8.0,25.0,15.0,40.0,30.0,3.224
1.301,4.0,8.0,16.0,25.0,28.0,5.0,10.301
1.316,4.0,8.0,20.0,14.0,30.0,1.0,4.316
1.333,2.0,4.0,10.0,10.0,5.0,40.0,11.333
1.377,4.0,16.0,64.0,30.0,54.0,20.0,15.377
1.543,4.0,8.0,16.0,25.0,28.0,5.0,17.543
1.594,2.0,16.0,20.0,25.0,35.0,25.0,9.594
1.606,4.0,16.0,64.0,30.0,54.0,20.0,10.606
1.638,4.0,8.0,32.0,20.0,45.0,1.0,13.638
1.656,4.0,8.0,20.0,14.0,30.0,1.0,6.656
1.707,2.0,16.0,20.0,25.0,35.0,25.0,3.707
1.766,4.0,8.0,32.0,20.0,45.0,1.0,9.766
1.775,2.0,4.0,8.0,5.0,10.0,8.0,8.775
1.792,4.0,16.0,64.0,30.0,54.0,20.0,11.792
1.805,1.0,2.0,5.0,2.0,8.0,35.0,15.805
1.83,2.0,16.0,20.0,25.0,35.0,25.0,5.83
1.845,2.0,4.0,10.0,10.0,5.0,40.0,5.845
1.876,4.0,12.0,64.0,30.0,50.0,15.0,5.876
1.88,2.0,4.0,8.0,5.0,10.0,8.0,6.88
1.883,2.0,4.0,10.0,10.0,5.0,40.0,14.883
1.904,2.0,4.0,8.0,5.0,10.0,8.0,5.904
1.934,2.0,4.0,8.0,5.0,10.0,8.0,6.934
1.943,4.0,8.0,32.0,20.0,45.0,1.0,12.943
1.97,2.0,16.0,20.0,25.0,35.0,25.0,7.97
1.977,1.0,2.0,5.0,2.0,8.0,35.0,14.977
2.026,4.0,8.0,25.0,15.0,40.0,30.0,5.026
2.027,2.0,4.0,8.0,5.0,10.0,8.0,6.027
2.053,4.0,8.0,20.0,14.0,30.0,1.0,9.053
2.077,2.0,4.0,8.0,5.0,10.0,8.0,3.077
2.097,2.0,4.0,10.0,10.0,5.0,40.0,15.097
2.097,2.0,16.0,20.0,25.0,35.0,25.0,5.097
2.127,2.0,4.0,10.0,10.0,5.0,40.0,15.127
2.161,2.0,16.0,20.0,25.0,35.0,25.0,15.161
2.169,2.0,4.0,10.0,8.0,15.0,7.0,11.169
2.202,4.0,8.0,16.0,25.0,28.0,5.0,9.202
2.215,2.0,4.0,10.0,10.0,5.0,40.0,15.215
2.282,4.0,12.0,64.0,30.0,50.0,15.0,12.282
2.282,4.0,12.0,64.0,30.0,50.0,15.0,14.282
2.335,2.0,4.0,8.0,5.0,10.0,8.0,8.335
2.361,4.0,4.0,16.0,20.0,25.0,2.0,5.361
2.399,1.0,2.0,5.0,2.0,8.0,35.0,10.399
2.479,4.0,8.0,20.0,14.0,30.0,1.0,10.479
2.526,2.0,4.0,8.0,5.0,10.0,8.0,7.526
2.529,4.0,8.0,16.0,25.0,28.0,5.0,22.529
2.536,1.0,2.0,5.0,2.0,8.0,35.0,11.536
2.546,2.0,4.0,8.0,5.0,10.0,8.0,5.546
2.588,1.0,2.0,5.0,2.0,8.0,35.0,15.588
2.6,4.0,8.0,25.0,15.0,40.0,30.0,6.6
2.635,4.0,8.0,25.0,15.0,40.0,30.0,4.635
2.648,4.0,16.0,64.0,30.0,54.0,20.0,12.648
2.648,4.0,8.0,25.0,15.0,40.0,30.0,3.648
2.681,2.0,4.0,10.0,10.0,5.0,40.0,12.681
2.74,4.0,8.0,16.0,25.0,28.0,5.0,13.74
2.773,4.0,4.0,16.0,20.0,25.0,2.0,8.773
2.798,1.0,2.0,5.0,2.0,8.0,35.0,14.798
2.807,4.0,16.0,64.0,30.0,54.0,20.0,11.807
2.855,4.0,8.0,16.0,25.0,28.0,5.0,13.855
2.863,4.0,8.0,25.0,15.0,40.0,30.0,5.863
2.884,2.0,4.0,8.0,5.0,10.0,8.0,6.884
2.938,1.0,2.0,5.0,2.0,8.0,35.0,15.938
2.969,2.0,16.0,20.0,25.0,35.0,25.0,13.969
2.971,2.0,4.0,8.0,5.0,10.0,8.0,6.971
3.075,2.0,4.0,8.0,5.0,10.0,8.0,5.075
3.133,2.0,16.0,20.0,25.0,35.0,25.0,7.133
3.137,2.0,4.0,8.0,5.0,10.0,8.0,6.137
3.217,1.0,2.0,5.0,2.0,8.0,35.0,11.217
3.237,1.0,2.0,5.0,2.0,8.0,35.0,8.237
3.249,4.0,8.0,16.0,25.0,28.0,5.0,20.249
