ARRIVAL_REQUEST_@TIME,SLICE_MEC_CPU_REQUEST,SLICE_MEC_RAM_REQUEST,SLICE_MEC_STORAGE_REQUEST,SLICE_MEC_BW_REQUEST,SLICE_RAN_R_REQUEST,SLICE_RAN_L_REQUEST,SLICE_KILL_@TIME
0.002,4.0,8.0,32.0,20.0,45.0,1.0,7.002
0.031,2.0,4.0,10.0,8.0,15.0,7.0,8.031
0.042,2.0,16.0,20.0,25.0,35.0,25.0,6.042
0.044,1.0,2.0,5.0,2.0,8.0,35.0,12.044
0.092,2.0,4.0,10.0,8.0,15.0,7.0,9.092
0.098,2.0,4.0,10.0,10.0,5.0,40.0,9.098
0.108,4.0,12.0,64.0,30.0,50.0,15.0,6.108
0.12,1.0,2.0,5.0,2.0,8.0,35.0,8.12
0.136,4.0,4.0,16.0,20.0,25.0,2.0,10.136
0.27,4.0,16.0,64.0,30.0,54.0,20.0,9.27
0.279,4.0,4.0,16.0,20.0,25.0,2.0,5.279
0.318,4.0,8.0,16.0,25.0,28.0,5.0,6.318
0.352,4.0,8.0,25.0,15.0,40.0,30.0,1.352
0.413,1.0,2.0,5.0,2.0,8.0,35.0,10.413
0.431,4.0,16.0,64.0,30.0,54.0,20.0,4.431
0.432,2.0,4.0,10.0,10.0,5.0,40.0,7.432
0.449,2.0,4.0,8.0,5.0,10.0,8.0,3.449
0.48,4.0,8.0,25.0,15.0,40.0,30.0,2.48
0.556,4.0,8.0,25.0,15.0,40.0,30.0,2.556
0.587,4.0,16.0,64.0,30.0,54.0,20.0,13.587
0.6,2.0,16.0,20.0,25.0,35.0,25.0,3.6
0.608,1.0,2.0,5.0,2.0,8.0,35.0,9.608
0.622,4.0,8.0,25.0,15.0,40.0,30.0,2.622
0.641,4.0,4.0,16.0,20.0,25.0,2.0,8.641
0.652,4.0,16.0,64.0,30.0,54.0,20.0,5.652
0.654,2.0,4.0,10.0,8.0,15.0,7.0,5.654
0.674,2.0,16.0,20.0,25.0,35.0,25.0,6.674
0.686,2.0,4.0,10.0,8.0,15.0,7.0,13.686
0.85,4.0,8.0,20.0,14.0,30.0,1.0,7.85
0.878,2.0,4.0,8.0,5.0,10.0,8.0,3.878
0.894,4.0,8.0,16.0,25.0,28.0,5.0,4.894
0.956,4.0,8.0,32.0,20.0,45.0,1.0,7.956
1.02,4.0,8.0,25.0,15.0,40.0,30.0,4.02
1.049,2.0,4.0,10.0,8.0,15.0,7.0,9.049
1.055,4.0,12.0,64.0,30.0,50.0,15.0,11.055
1.059,2.0,4.0,8.0,5.0,10.0,8.0,3.059
1.095,4.0,16.0,64.0,30.0,54.0,20.0,13.095
1.097,4.0,8.0,20.0,14.0,30.0,1.0,1.097
1.204,2.0,4.0,10.0,10.0,5.0,40.0,12.204
1.239,2.0,4.0,8.0,5.0,10.0,8.0,3.239
1.243,1.0,2.0,5.0,2.0,8.0,35.0,11.243
1.288,2.0,16.0,20.0,25.0,35.0,25.0,10.288
1.307,4.0,8.0,32.0,20.0,45.0,1.0,11.307
1.32,4.0,8.0,16.0,25.0,28.0,5.0,14.32
1.325,4.0,16.0,64.0,30.0,54.0,20.0,4.325
1.351,4.0,12.0,64.0,30.0,50.0,15.0,5.351
1.36,4.0,8.0,20.0,14.0,30.0,1.0,2.36
1.362,2.0,16.0,20.0,25.0,35.0,25.0,5.362
1.383,4.0,8.0,16.0,25.0,28.0,5.0,9.383
1.413,1.0,2.0,5.0,2.0,8.0,35.0,12.413
1.452,4.0,8.0,25.0,15.0,40.0,30.0,3.452
1.489,4.0,8.0,20.0,14.0,30.0,1.0,8.489
1.5,4.0,8.0,25.0,15.0,40.0,30.0,3.5
1.512,2.0,4.0,10.0,10.0,5.0,40.0,12.512
1.536,2.0,4.0,10.0,8.0,15.0,7.0,11.536
1.578,1.0,2.0,5.0,2.0,8.0,35.0,8.578
1.626,4.0,8.0,16.0,25.0,28.0,5.0,15.626
1.634,2.0,4.0,8.0,5.0,10.0,8.0,2.634
1.665,2.0,16.0,20.0,25.0,35.0,25.0,6.665
1.84,4.0,8.0,16.0,25.0,28.0,5.0,12.84
1.844,4.0,8.0,20.0,14.0,30.0,1.0,6.844
1.847,4.0,16.0,64.0,30.0,54.0,20.0,5.847
1.849,2.0,4.0,10.0,10.0,5.0,40.0,6.849
1.857,4.0,8.0,25.0,15.0,40.0,30.0,3.857
1.903,4.0,8.0,32.0,20.0,45.0,1.0,5.903
1.925,4.0,12.0,64.0,30.0,50.0,15.0,8.925
1.947,4.0,8.0,20.0,14.0,30.0,1.0,6.947
1.973,4.0,8.0,20.0,14.0,30.0,1.0,2.973
1.986,2.0,4.0,8.0,5.0,10.0,8.0,9.986
1.998,2.0,16.0,20.0,25.0,35.0,25.0,3.998
2.067,1.0,2.0,5.0,2.0,8.0,35.0,10.067
2.132,4.0,16.0,64.0,30.0,54.0,20.0,10.132
2.146,2.0,4.0,10.0,10.0,5.0,40.0,10.146
2.147,4.0,8.0,20.0,14.0,30.0,1.0,4.147
2.156,4.0,8.0,16.0,25.0,28.0,5.0,16.156
2.199,1.0,2.0,5.0,2.0,8.0,35.0,14.199
2.217,2.0,16.0,20.0,25.0,35.0,25.0,5.217
2.253,4.0,8.0,20.0,14.0,30.0,1.0,6.253
2.419,4.0,8.0,25.0,15.0,40.0,30.0,7.419
2.43,4.0,16.0,64.0,30.0,54.0,20.0,3.43
2.444,4.0,8.0,16.0,25.0,28.0,5.0,9.444
2.494,4.0,8.0,20.0,14.0,30.0,1.0,6.494
2.506,4.0,8.0,16.0,25.0,28.0,5.0,11.506
2.517,4.0,8.0,20.0,14.0,30.0,1.0,3.517
2.539,2.0,16.0,20.0,25.0,35.0,25.0,11.539
2.545,2.0,16.0,20.0,25.0,35.0,25.0,6.545
2.578,1.0,2.0,5.0,2.0,8.0,35.0,23.578
2.588,4.0,16.0,64.0,30.0,54.0,20.0,7.588
2.622,2.0,4.0,10.0,8.0,15.0,7.0,13.622
2.653,2.0,4.0,10.0,10.0,5.0,40.0,8.653
2.669,4.0,12.0,64.0,30.0,50.0,15.0,11.669
2.726,1.0,2.0,5.0,2.0,8.0,35.0,14.726
2.735,4.0,8.0,32.0,20.0,45.0,1.0,12.735
2.852,2.0,4.0,10.0,8.0,15.0,7.0,7.852
2.86,1.0,2.0,5.0,2.0,8.0,35.0,12.86
2.862,4.0,8.0,32.0,20.0,45.0,1.0,12.862
2.87,2.0,4.0,10.0,8.0,15.0,7.0,15.87
3.053,2.0,16.0,20.0,25.0,35.0,25.0,9.053
3.064,2.0,4.0,8.0,5.0,10.0,8.0,7.064
3.133,4.0,4.0,16.0,20.0,25.0,2.0,11.133
