ARRIVAL_REQUEST_@TIME,SLICE_MEC_CPU_REQUEST,SLICE_MEC_RAM_REQUEST,SLICE_MEC_STORAGE_REQUEST,SLICE_MEC_BW_REQUEST,SLICE_RAN_R_REQUEST,SLICE_RAN_L_REQUEST,SLICE_KILL_@TIME
0.081,4.0,8.0,16.0,25.0,28.0,5.0,12.081
0.103,2.0,4.0,10.0,10.0,5.0,40.0,16.103
0.142,1.0,2.0,5.0,2.0,8.0,35.0,13.142
0.142,4.0,16.0,64.0,30.0,54.0,20.0,11.142
0.159,4.0,8.0,20.0,14.0,30.0,1.0,11.159
0.251,4.0,4.0,16.0,20.0,25.0,2.0,9.251
0.492,4.0,8.0,16.0,25.0,28.0,5.0,22.492
0.535,2.0,4.0,10.0,8.0,15.0,7.0,13.535
0.595,4.0,8.0,20.0,14.0,30.0,1.0,10.595
0.64,1.0,2.0,5.0,2.0,8.0,35.0,14.64
0.65,1.0,2.0,5.0,2.0,8.0,35.0,15.65
0.794,4.0,8.0,25.0,15.0,40.0,30.0,6.794
0.863,2.0,4.0,10.0,8.0,15.0,7.0,20.863
0.897,4.0,8.0,32.0,20.0,45.0,1.0,16.897
0.978,4.0,16.0,64.0,30.0,54.0,20.0,12.978
1.012,2.0,4.0,10.0,8.0,15.0,7.0,13.012
1.018,2.0,4.0,10.0,10.0,5.0,40.0,15.018
1.066,1.0,2.0,5.0,2.0,8.0,35.0,15.066
1.076,4.0,8.0,20.0,14.0,30.0,1.0,10.076
1.129,1.0,2.0,5.0,2.0,8.0,35.0,18.129
1.152,2.0,4.0,10.0,10.0,5.0,40.0,20.152
1.194,4.0,8.0,16.0,25.0,28.0,5.0,13.194
1.253,4.0,12.0,64.0,30.0,50.0,15.0,15.253
1.26,2.0,4.0,8.0,5.0,10.0,8.0,8.26
1.432,2.0,4.0,10.0,10.0,5.0,40.0,20.432
1.441,4.0,8.0,20.0,14.0,30.0,1.0,15.441
1.493,1.0,2.0,5.0,2.0,8.0,35.0,17.493
1.575,4.0,4.0,16.0,20.0,25.0,2.0,24.575
1.597,2.0,4.0,8.0,5.0,10.0,8.0,8.597
1.614,2.0,4.0,10.0,10.0,5.0,40.0,13.614
1.622,1.0,2.0,5.0,2.0,8.0,35.0,23.622
1.638,4.0,8.0,25.0,15.0,40.0,30.0,11.638
1.714,4.0,8.0,16.0,25.0,28.0,5.0,14.714
1.752,4.0,8.0,32.0,20.0,45.0,1.0,14.752
1.76,2.0,4.0,10.0,8.0,15.0,7.0,10.76
1.942,4.0,8.0,16.0,25.0,28.0,5.0,25.942
2.037,2.0,4.0,10.0,8.0,15.0,7.0,10.037
2.122,2.0,4.0,8.0,5.0,10.0,8.0,18.122
2.14,4.0,8.0,25.0,15.0,40.0,30.0,8.14
2.179,2.0,16.0,20.0,25.0,35.0,25.0,11.179
2.233,4.0,4.0,16.0,20.0,25.0,2.0,15.233
2.287,4.0,8.0,32.0,20.0,45.0,1.0,15.287
2.334,4.0,8.0,25.0,15.0,40.0,30.0,7.334
2.47,4.0,8.0,20.0,14.0,30.0,1.0,12.47
2.513,2.0,4.0,10.0,8.0,15.0,7.0,22.513
2.518,4.0,8.0,32.0,20.0,45.0,1.0,22.518
2.552,2.0,16.0,20.0,25.0,35.0,25.0,18.552
2.567,4.0,8.0,25.0,15.0,40.0,30.0,8.567
2.631,2.0,4.0,8.0,5.0,10.0,8.0,9.631
2.662,4.0,8.0,25.0,15.0,40.0,30.0,6.662
2.694,2.0,4.0,10.0,10.0,5.0,40.0,21.694
2.705,2.0,16.0,20.0,25.0,35.0,25.0,12.705
2.813,1.0,2.0,5.0,2.0,8.0,35.0,12.813
2.839,4.0,8.0,25.0,15.0,40.0,30.0,7.839
2.84,4.0,8.0,20.0,14.0,30.0,1.0,10.84
2.841,1.0,2.0,5.0,2.0,8.0,35.0,18.841
2.992,4.0,12.0,64.0,30.0,50.0,15.0,12.992
3.018,1.0,2.0,5.0,2.0,8.0,35.0,13.018
3.116,2.0,4.0,10.0,10.0,5.0,40.0,17.116
3.159,2.0,4.0,10.0,10.0,5.0,40.0,16.159
3.357,4.0,8.0,32.0,20.0,45.0,1.0,16.357
3.359,2.0,16.0,20.0,25.0,35.0,25.0,11.359
3.453,2.0,4.0,10.0,10.0,5.0,40.0,25.453
3.461,4.0,8.0,20.0,14.0,30.0,1.0,11.461
3.537,1.0,2.0,5.0,2.0,8.0,35.0,17.537
3.538,2.0,4.0,8.0,5.0,10.0,8.0,8.538
3.573,1.0,2.0,5.0,2.0,8.0,35.0,13.573
3.574,2.0,4.0,8.0,5.0,10.0,8.0,13.574
3.654,2.0,16.0,20.0,25.0,35.0,25.0,14.654
3.658,2.0,4.0,8.0,5.0,10.0,8.0,14.658
3.687,2.0,16.0,20.0,25.0,35.0,25.0,13.687
3.772,2.0,4.0,8.0,5.0,10.0,8.0,17.772
3.806,2.0,4.0,10.0,10.0,5.0,40.0,23.806
3.823,4.0,8.0,20.0,14.0,30.0,1.0,17.823
3.839,4.0,4.0,16.0,20.0,25.0,2.0,17.839
3.923,4.0,8.0,32.0,20.0,45.0,1.0,13.923
4.003,4.0,4.0,16.0,20.0,25.0,2.0,19.003
4.03,1.0,2.0,5.0,2.0,8.0,35.0,20.03
4.07,4.0,8.0,25.0,15.0,40.0,30.0,8.07
4.132,4.0,8.0,20.0,14.0,30.0,1.0,17.132
4.156,1.0,2.0,5.0,2.0,8.0,35.0,21.156
4.164,4.0,8.0,16.0,25.0,28.0,5.0,12.164
4.178,2.0,4.0,10.0,8.0,15.0,7.0,15.178
4.287,1.0,2.0,5.0,2.0,8.0,35.0,19.287
4.324,4.0,8.0,20.0,14.0,30.0,1.0,11.324
4.409,2.0,4.0,10.0,8.0,15.0,7.0,22.409
4.631,4.0,8.0,25.0,15.0,40.0,30.0,12.631
4.714,4.0,8.0,16.0,25.0,28.0,5.0,17.714
4.764,2.0,16.0,20.0,25.0,35.0,25.0,12.764
4.833,4.0,8.0,25.0,15.0,40.0,30.0,9.833
4.851,4.0,8.0,25.0,15.0,40.0,30.0,7.851
4.871,1.0,2.0,5.0,2.0,8.0,35.0,20.871
4.9,2.0,4.0,10.0,8.0,15.0,7.0,27.9
4.926,1.0,2.0,5.0,2.0,8.0,35.0,21.926
5.004,4.0,8.0,16.0,25.0,28.0,5.0,26.004
5.005,2.0,4.0,10.0,8.0,15.0,7.0,19.005
5.093,1.0,2.0,5.0,2.0,8.0,35.0,25.093
5.096,4.0,8.0,25.0,15.0,40.0,30.0,13.096
5.133,4.0,8.0,16.0,25.0,28.0,5.0,21.133
5.142,2.0,16.0,20.0,25.0,35.0,25.0,13.142
