ARRIVAL_REQUEST_@TIME,SLICE_MEC_CPU_REQUEST,SLICE_MEC_RAM_REQUEST,SLICE_MEC_STORAGE_REQUEST,SLICE_MEC_BW_REQUEST,SLICE_RAN_R_REQUEST,SLICE_RAN_L_REQUEST,SLICE_KILL_@TIME
0.1,1.0,2.0,5.0,2.0,8.0,35.0,10.1
0.105,4.0,8.0,25.0,15.0,40.0,30.0,3.105
0.113,4.0,4.0,16.0,20.0,25.0,2.0,4.113
0.156,4.0,16.0,64.0,30.0,54.0,20.0,13.156
0.178,2.0,4.0,8.0,5.0,10.0,8.0,1.178
0.205,2.0,4.0,10.0,10.0,5.0,40.0,17.205
0.232,4.0,8.0,16.0,25.0,28.0,5.0,7.232
0.255,4.0,8.0,25.0,15.0,40.0,30.0,2.255
0.263,4.0,8.0,32.0,20.0,45.0,1.0,14.263
0.279,2.0,4.0,8.0,5.0,10.0,8.0,3.279
0.303,2.0,16.0,20.0,25.0,35.0,25.0,7.303
0.316,2.0,4.0,10.0,10.0,5.0,40.0,7.316
0.322,4.0,8.0,25.0,15.0,40.0,30.0,2.322
0.333,2.0,4.0,10.0,8.0,15.0,7.0,14.333
0.393,4.0,12.0,64.0,30.0,50.0,15.0,8.393
0.439,4.0,8.0,16.0,25.0,28.0,5.0,8.439
0.444,4.0,12.0,64.0,30.0,50.0,15.0,10.444
0.483,2.0,16.0,20.0,25.0,35.0,25.0,7.483
0.496,4.0,8.0,20.0,14.0,30.0,1.0,6.496
0.569,4.0,12.0,64.0,30.0,50.0,15.0,9.569
0.578,4.0,4.0,16.0,20.0,25.0,2.0,10.578
0.584,2.0,4.0,10.0,10.0,5.0,40.0,9.584
0.586,4.0,8.0,16.0,25.0,28.0,5.0,9.586
0.638,4.0,16.0,64.0,30.0,54.0,20.0,6.638
0.697,4.0,8.0,32.0,20.0,45.0,1.0,4.697
0.775,4.0,8.0,25.0,15.0,40.0,30.0,3.775
0.794,4.0,8.0,20.0,14.0,30.0,1.0,4.794
0.814,2.0,4.0,8.0,5.0,10.0,8.0,1.814
0.845,4.0,8.0,16.0,25.0,28.0,5.0,4.845
0.868,2.0,4.0,8.0,5.0,10.0,8.0,3.868
0.912,2.0,4.0,8.0,5.0,10.0,8.0,5.912
0.939,4.0,8.0,20.0,14.0,30.0,1.0,7.939
0.956,2.0,4.0,10.0,8.0,15.0,7.0,9.956
0.957,1.0,2.0,5.0,2.0,8.0,35.0,9.957
1.0,2.0,4.0,10.0,10.0,5.0,40.0,7.0
1.034,2.0,4.0,8.0,5.0,10.0,8.0,4.034
1.061,4.0,8.0,16.0,25.0,28.0,5.0,8.061
1.082,4.0,8.0,25.0,15.0,40.0,30.0,2.082
1.091,2.0,4.0,10.0,8.0,15.0,7.0,10.091
1.163,2.0,4.0,10.0,8.0,15.0,7.0,10.163
1.185,4.0,8.0,16.0,25.0,28.0,5.0,10.185
1.207,2.0,4.0,10.0,10.0,5.0,40.0,16.207
1.216,4.0,12.0,64.0,30.0,50.0,15.0,13.216
1.22,2.0,4.0,8.0,5.0,10.0,8.0,1.22
1.223,1.0,2.0,5.0,2.0,8.0,35.0,9.223
1.237,4.0,8.0,32.0,20.0,45.0,1.0,9.237
1.264,4.0,12.0,64.0,30.0,50.0,15.0,14.264
1.267,4.0,4.0,16.0,20.0,25.0,2.0,9.267
1.272,4.0,4.0,16.0,20.0,25.0,2.0,7.272
1.301,2.0,4.0,8.0,5.0,10.0,8.0,4.301
1.315,4.0,8.0,16.0,25.0,28.0,5.0,15.315
1.317,4.0,8.0,20.0,14.0,30.0,1.0,6.317
1.323,4.0,4.0,16.0,20.0,25.0,2.0,13.323
1.326,4.0,12.0,64.0,30.0,50.0,15.0,9.326
1.327,2.0,16.0,20.0,25.0,35.0,25.0,4.327
1.336,4.0,8.0,25.0,15.0,40.0,30.0,4.336
1.374,4.0,8.0,16.0,25.0,28.0,5.0,13.374
1.377,2.0,4.0,8.0,5.0,10.0,8.0,2.377
1.38,4.0,8.0,25.0,15.0,40.0,30.0,4.38
1.394,4.0,8.0,20.0,14.0,30.0,1.0,4.394
1.408,2.0,4.0,8.0,5.0,10.0,8.0,4.408
1.416,4.0,16.0,64.0,30.0,54.0,20.0,10.416
1.451,2.0,4.0,8.0,5.0,10.0,8.0,9.451
1.459,2.0,4.0,8.0,5.0,10.0,8.0,3.459
1.477,4.0,8.0,20.0,14.0,30.0,1.0,4.477
1.491,4.0,12.0,64.0,30.0,50.0,15.0,9.491
1.506,4.0,16.0,64.0,30.0,54.0,20.0,13.506
1.57,4.0,4.0,16.0,20.0,25.0,2.0,11.57
1.653,2.0,4.0,10.0,8.0,15.0,7.0,14.653
1.675,4.0,8.0,20.0,14.0,30.0,1.0,1.675
1.676,4.0,8.0,32.0,20.0,45.0,1.0,8.676
1.679,1.0,2.0,5.0,2.0,8.0,35.0,10.679
1.68,4.0,8.0,16.0,25.0,28.0,5.0,14.68
1.683,2.0,4.0,8.0,5.0,10.0,8.0,6.683
1.697,4.0,8.0,16.0,25.0,28.0,5.0,13.697
1.7,1.0,2.0,5.0,2.0,8.0,35.0,8.7
1.721,2.0,4.0,10.0,8.0,15.0,7.0,12.721
1.795,1.0,2.0,5.0,2.0,8.0,35.0,15.795
1.798,4.0,4.0,16.0,20.0,25.0,2.0,10.798
1.799,2.0,4.0,8.0,5.0,10.0,8.0,4.799
1.802,1.0,2.0,5.0,2.0,8.0,35.0,11.802
1.839,1.0,2.0,5.0,2.0,8.0,35.0,16.839
1.898,4.0,12.0,64.0,30.0,50.0,15.0,11.898
1.908,2.0,4.0,8.0,5.0,10.0,8.0,4.908
1.909,2.0,16.0,20.0,25.0,35.0,25.0,10.909
1.934,4.0,8.0,32.0,20.0,45.0,1.0,9.934
1.935,4.0,8.0,32.0,20.0,45.0,1.0,10.935
1.94,4.0,8.0,20.0,14.0,30.0,1.0,6.94
1.99,2.0,16.0,20.0,25.0,35.0,25.0,8.99
1.991,2.0,4.0,10.0,10.0,5.0,40.0,11.991
2.02,2.0,16.0,20.0,25.0,35.0,25.0,10.02
2.033,2.0,16.0,20.0,25.0,35.0,25.0,8.033
2.041,2.0,16.0,20.0,25.0,35.0,25.0,6.041
2.052,2.0,4.0,8.0,5.0,10.0,8.0,7.052
2.056,4.0,8.0,25.0,15.0,40.0,30.0,3.056
2.071,2.0,4.0,8.0,5.0,10.0,8.0,3.071
2.094,4.0,16.0,64.0,30.0,54.0,20.0,14.094
2.156,4.0,12.0,64.0,30.0,50.0,15.0,8.156
2.165,4.0,8.0,25.0,15.0,40.0,30.0,4.165
2.17,4.0,4.0,16.0,20.0,25.0,2.0,9.17
