ARRIVAL_REQUEST_@TIME,SLICE_MEC_CPU_REQUEST,SLICE_MEC_RAM_REQUEST,SLICE_MEC_STORAGE_REQUEST,SLICE_MEC_BW_REQUEST,SLICE_RAN_R_REQUEST,SLICE_RAN_L_REQUEST,SLICE_KILL_@TIME
0.025,1.0,2.0,5.0,2.0,8.0,35.0,8.025
0.04,4.0,8.0,25.0,15.0,40.0,30.0,2.04
0.044,4.0,16.0,64.0,30.0,54.0,20.0,2.044
0.053,4.0,8.0,20.0,14.0,30.0,1.0,2.053
0.069,4.0,8.0,25.0,15.0,40.0,30.0,1.069
0.082,2.0,4.0,10.0,10.0,5.0,40.0,11.082
0.097,2.0,4.0,10.0,10.0,5.0,40.0,10.097
0.107,2.0,4.0,10.0,10.0,5.0,40.0,7.107
0.111,4.0,8.0,32.0,20.0,45.0,1.0,13.111
0.122,2.0,4.0,10.0,8.0,15.0,7.0,6.122
0.193,2.0,4.0,10.0,8.0,15.0,7.0,11.193
0.198,4.0,4.0,16.0,20.0,25.0,2.0,9.198
0.21,4.0,12.0,64.0,30.0,50.0,15.0,8.21
0.266,4.0,8.0,20.0,14.0,30.0,1.0,6.266
0.296,2.0,4.0,10.0,10.0,5.0,40.0,9.296
0.297,2.0,16.0,20.0,25.0,35.0,25.0,6.297
0.312,4.0,8.0,25.0,15.0,40.0,30.0,3.312
0.354,4.0,16.0,64.0,30.0,54.0,20.0,3.354
0.362,2.0,4.0,8.0,5.0,10.0,8.0,4.362
0.367,4.0,16.0,64.0,30.0,54.0,20.0,9.367
0.381,4.0,16.0,64.0,30.0,54.0,20.0,6.381
0.403,1.0,2.0,5.0,2.0,8.0,35.0,12.403
0.415,1.0,2.0,5.0,2.0,8.0,35.0,10.415
0.428,4.0,8.0,16.0,25.0,28.0,5.0,5.428
0.491,1.0,2.0,5.0,2.0,8.0,35.0,10.491
0.572,1.0,2.0,5.0,2.0,8.0,35.0,11.572
0.581,2.0,4.0,8.0,5.0,10.0,8.0,1.581
0.61,1.0,2.0,5.0,2.0,8.0,35.0,1.61
0.625,4.0,4.0,16.0,20.0,25.0,2.0,8.625
0.65,2.0,4.0,8.0,5.0,10.0,8.0,2.65
0.658,2.0,4.0,8.0,5.0,10.0,8.0,2.658
0.706,4.0,8.0,32.0,20.0,45.0,1.0,8.706
0.785,4.0,8.0,32.0,20.0,45.0,1.0,9.785
0.829,4.0,16.0,64.0,30.0,54.0,20.0,10.829
0.869,2.0,4.0,10.0,8.0,15.0,7.0,12.869
0.888,4.0,12.0,64.0,30.0,50.0,15.0,10.888
0.912,2.0,16.0,20.0,25.0,35.0,25.0,4.912
0.948,2.0,4.0,10.0,8.0,15.0,7.0,10.948
0.965,4.0,16.0,64.0,30.0,54.0,20.0,10.965
1.017,2.0,16.0,20.0,25.0,35.0,25.0,4.017
1.024,4.0,12.0,64.0,30.0,50.0,15.0,11.024
1.04,4.0,8.0,16.0,25.0,28.0,5.0,11.04
1.054,2.0,4.0,8.0,5.0,10.0,8.0,3.054
1.106,4.0,8.0,16.0,25.0,28.0,5.0,11.106
1.228,4.0,8.0,32.0,20.0,45.0,1.0,6.228
1.252,1.0,2.0,5.0,2.0,8.0,35.0,9.252
1.27,2.0,4.0,10.0,8.0,15.0,7.0,11.27
1.284,2.0,4.0,10.0,10.0,5.0,40.0,12.284
1.298,4.0,16.0,64.0,30.0,54.0,20.0,7.298
1.323,2.0,4.0,8.0,5.0,10.0,8.0,4.323
1.412,2.0,4.0,10.0,8.0,15.0,7.0,10.412
1.429,2.0,4.0,8.0,5.0,10.0,8.0,3.429
1.434,4.0,4.0,16.0,20.0,25.0,2.0,12.434
1.544,4.0,8.0,16.0,25.0,28.0,5.0,17.544
1.564,4.0,8.0,25.0,15.0,40.0,30.0,4.564
1.582,4.0,8.0,20.0,14.0,30.0,1.0,12.582
1.603,2.0,4.0,10.0,8.0,15.0,7.0,10.603
1.615,4.0,8.0,32.0,20.0,45.0,1.0,12.615
1.63,2.0,4.0,8.0,5.0,10.0,8.0,2.63
1.652,4.0,8.0,32.0,20.0,45.0,1.0,7.652
1.706,4.0,8.0,25.0,15.0,40.0,30.0,2.706
1.734,4.0,8.0,32.0,20.0,45.0,1.0,8.734
1.769,2.0,4.0,10.0,8.0,15.0,7.0,8.769
1.802,4.0,8.0,20.0,14.0,30.0,1.0,9.802
1.832,1.0,2.0,5.0,2.0,8.0,35.0,7.832
1.864,2.0,4.0,10.0,10.0,5.0,40.0,13.864
1.867,4.0,16.0,64.0,30.0,54.0,20.0,9.867
1.89,2.0,4.0,8.0,5.0,10.0,8.0,6.89
1.976,2.0,4.0,10.0,10.0,5.0,40.0,12.976
2.019,4.0,8.0,32.0,20.0,45.0,1.0,9.019
2.064,2.0,4.0,8.0,5.0,10.0,8.0,6.064
2.124,2.0,4.0,10.0,10.0,5.0,40.0,10.124
2.124,4.0,8.0,16.0,25.0,28.0,5.0,16.124
2.136,4.0,8.0,25.0,15.0,40.0,30.0,4.136
2.147,4.0,8.0,16.0,25.0,28.0,5.0,10.147
2.179,4.0,8.0,25.0,15.0,40.0,30.0,7.179
2.209,4.0,8.0,16.0,25.0,28.0,5.0,11.209
2.223,4.0,4.0,16.0,20.0,25.0,2.0,9.223
2.257,2.0,4.0,10.0,8.0,15.0,7.0,10.257
2.272,2.0,4.0,10.0,8.0,15.0,7.0,14.272
2.286,2.0,4.0,10.0,10.0,5.0,40.0,9.286
2.346,4.0,8.0,20.0,14.0,30.0,1.0,8.346
2.354,2.0,4.0,8.0,5.0,10.0,8.0,5.354
2.362,4.0,12.0,64.0,30.0,50.0,15.0,10.362
2.37,2.0,4.0,10.0,8.0,15.0,7.0,13.37
2.409,4.0,4.0,16.0,20.0,25.0,2.0,9.409
2.43,2.0,4.0,10.0,8.0,15.0,7.0,9.43
2.449,2.0,4.0,10.0,8.0,15.0,7.0,16.449
2.511,4.0,12.0,64.0,30.0,50.0,15.0,16.511
2.533,1.0,2.0,5.0,2.0,8.0,35.0,8.533
2.542,2.0,16.0,20.0,25.0,35.0,25.0,8.542
2.55,2.0,4.0,8.0,5.0,10.0,8.0,5.55
2.575,4.0,8.0,25.0,15.0,40.0,30.0,6.575
2.639,4.0,8.0,25.0,15.0,40.0,30.0,9.639
2.657,4.0,8.0,20.0,14.0,30.0,1.0,6.657
2.67,2.0,4.0,8.0,5.0,10.0,8.0,5.67
2.684,4.0,8.0,16.0,25.0,28.0,5.0,11.684
2.689,4.0,8.0,16.0,25.0,28.0,5.0,14.689
2.69,4.0,8.0,16.0,25.0,28.0,5.0,10.69
2.692,4.0,8.0,32.0,20.0,45.0,1.0,9.692
