ARRIVAL_REQUEST_@TIME,SLICE_MEC_CPU_REQUEST,SLICE_MEC_RAM_REQUEST,SLICE_MEC_STORAGE_REQUEST,SLICE_MEC_BW_REQUEST,SLICE_RAN_R_REQUEST,SLICE_RAN_L_REQUEST,SLICE_KILL_@TIME
0.024,2.0,4.0,10.0,10.0,5.0,40.0,8.024
0.032,1.0,2.0,5.0,2.0,8.0,35.0,7.032
0.039,4.0,12.0,64.0,30.0,50.0,15.0,16.039
0.065,1.0,2.0,5.0,2.0,8.0,35.0,11.065
0.078,2.0,4.0,10.0,8.0,15.0,7.0,11.078
0.081,1.0,2.0,5.0,2.0,8.0,35.0,14.081
0.105,4.0,8.0,32.0,20.0,45.0,1.0,3.105
0.15,4.0,12.0,64.0,30.0,50.0,15.0,9.15
0.151,4.0,8.0,25.0,15.0,40.0,30.0,2.151
0.211,2.0,4.0,8.0,5.0,10.0,8.0,0.211
0.25,2.0,16.0,20.0,25.0,35.0,25.0,2.25
0.254,4.0,8.0,16.0,25.0,28.0,5.0,12.254
0.294,4.0,8.0,16.0,25.0,28.0,5.0,13.294
0.296,4.0,8.0,25.0,15.0,40.0,30.0,3.296
0.312,2.0,4.0,8.0,5.0,10.0,8.0,3.312
0.372,4.0,16.0,64.0,30.0,54.0,20.0,5.372
0.397,2.0,4.0,10.0,10.0,5.0,40.0,8.397
0.424,4.0,4.0,16.0,20.0,25.0,2.0,7.424
0.473,2.0,4.0,10.0,10.0,5.0,40.0,11.473
0.475,4.0,8.0,16.0,25.0,28.0,5.0,7.475
0.52,4.0,16.0,64.0,30.0,54.0,20.0,8.52
0.569,4.0,8.0,16.0,25.0,28.0,5.0,10.569
0.608,4.0,8.0,20.0,14.0,30.0,1.0,4.608
0.608,2.0,16.0,20.0,25.0,35.0,25.0,7.608
0.681,4.0,8.0,20.0,14.0,30.0,1.0,5.681
0.686,2.0,4.0,10.0,8.0,15.0,7.0,10.686
0.706,4.0,16.0,64.0,30.0,54.0,20.0,7.706
0.796,2.0,4.0,8.0,5.0,10.0,8.0,3.796
0.846,2.0,4.0,10.0,8.0,15.0,7.0,7.846
0.856,2.0,4.0,10.0,8.0,15.0,7.0,13.856
0.887,4.0,8.0,25.0,15.0,40.0,30.0,3.887
0.901,2.0,4.0,10.0,8.0,15.0,7.0,12.901
0.916,4.0,8.0,25.0,15.0,40.0,30.0,5.916
0.967,4.0,4.0,16.0,20.0,25.0,2.0,10.967
0.971,2.0,16.0,20.0,25.0,35.0,25.0,3.971
0.974,2.0,4.0,8.0,5.0,10.0,8.0,1.974
1.007,4.0,8.0,25.0,15.0,40.0,30.0,5.007
1.011,4.0,8.0,16.0,25.0,28.0,5.0,15.011
1.061,4.0,8.0,32.0,20.0,45.0,1.0,8.061
1.079,2.0,4.0,10.0,8.0,15.0,7.0,10.079
1.105,2.0,4.0,10.0,8.0,15.0,7.0,8.105
1.136,4.0,8.0,20.0,14.0,30.0,1.0,7.136
1.27,2.0,4.0,8.0,5.0,10.0,8.0,4.27
1.296,4.0,4.0,16.0,20.0,25.0,2.0,7.296
1.317,4.0,8.0,20.0,14.0,30.0,1.0,5.317
1.335,2.0,16.0,20.0,25.0,35.0,25.0,7.335
1.357,1.0,2.0,5.0,2.0,8.0,35.0,12.357
1.448,4.0,4.0,16.0,20.0,25.0,2.0,9.448
1.474,4.0,8.0,20.0,14.0,30.0,1.0,6.474
1.502,4.0,8.0,25.0,15.0,40.0,30.0,2.502
1.575,4.0,8.0,20.0,14.0,30.0,1.0,12.575
1.584,4.0,8.0,25.0,15.0,40.0,30.0,7.584
1.597,4.0,4.0,16.0,20.0,25.0,2.0,19.597
1.614,2.0,4.0,8.0,5.0,10.0,8.0,5.614
1.651,4.0,8.0,25.0,15.0,40.0,30.0,4.651
1.686,4.0,8.0,25.0,15.0,40.0,30.0,1.686
1.701,2.0,4.0,10.0,10.0,5.0,40.0,14.701
1.723,4.0,8.0,32.0,20.0,45.0,1.0,15.723
1.76,4.0,12.0,64.0,30.0,50.0,15.0,10.76
1.761,4.0,8.0,25.0,15.0,40.0,30.0,7.761
1.771,2.0,4.0,10.0,8.0,15.0,7.0,10.771
1.771,2.0,4.0,8.0,5.0,10.0,8.0,3.771
1.813,4.0,8.0,32.0,20.0,45.0,1.0,11.813
1.888,2.0,4.0,8.0,5.0,10.0,8.0,3.888
1.899,4.0,4.0,16.0,20.0,25.0,2.0,14.899
2.059,4.0,8.0,32.0,20.0,45.0,1.0,17.059
2.09,1.0,2.0,5.0,2.0,8.0,35.0,12.09
2.103,2.0,4.0,10.0,8.0,15.0,7.0,14.103
2.175,2.0,16.0,20.0,25.0,35.0,25.0,5.175
2.178,4.0,8.0,20.0,14.0,30.0,1.0,5.178
2.241,4.0,8.0,20.0,14.0,30.0,1.0,9.241
2.264,4.0,8.0,25.0,15.0,40.0,30.0,9.264
2.342,2.0,4.0,10.0,8.0,15.0,7.0,9.342
2.344,2.0,4.0,10.0,10.0,5.0,40.0,11.344
2.391,4.0,8.0,20.0,14.0,30.0,1.0,9.391
2.406,4.0,4.0,16.0,20.0,25.0,2.0,11.406
2.434,2.0,4.0,8.0,5.0,10.0,8.0,8.434
2.621,4.0,8.0,32.0,20.0,45.0,1.0,5.621
2.628,2.0,4.0,8.0,5.0,10.0,8.0,5.628
2.644,4.0,8.0,25.0,15.0,40.0,30.0,5.644
2.665,2.0,4.0,10.0,8.0,15.0,7.0,14.665
2.701,1.0,2.0,5.0,2.0,8.0,35.0,11.701
2.702,4.0,8.0,32.0,20.0,45.0,1.0,12.702
2.708,4.0,8.0,32.0,20.0,45.0,1.0,7.708
2.757,1.0,2.0,5.0,2.0,8.0,35.0,12.757
2.816,4.0,12.0,64.0,30.0,50.0,15.0,9.816
2.835,2.0,4.0,10.0,10.0,5.0,40.0,12.835
2.918,4.0,8.0,16.0,25.0,28.0,5.0,7.918
3.013,4.0,8.0,25.0,15.0,40.0,30.0,7.013
3.023,4.0,8.0,16.0,25.0,28.0,5.0,11.023
3.052,2.0,4.0,10.0,8.0,15.0,7.0,13.052
3.076,1.0,2.0,5.0,2.0,8.0,35.0,14.076
3.089,2.0,4.0,10.0,10.0,5.0,40.0,18.089
3.227,2.0,16.0,20.0,25.0,35.0,25.0,5.227
3.228,2.0,4.0,10.0,10.0,5.0,40.0,11.228
3.285,2.0,4.0,10.0,10.0,5.0,40.0,11.285
3.288,4.0,16.0,64.0,30.0,54.0,20.0,8.288
3.29,4.0,12.0,64.0,30.0,50.0,15.0,16.29
3.326,4.0,16.0,64.0,30.0,54.0,20.0,7.326
3.347,4.0,8.0,16.0,25.0,28.0,5.0,15.347
