ARRIVAL_REQUEST_@TIME,SLICE_MEC_CPU_REQUEST,SLICE_MEC_RAM_REQUEST,SLICE_MEC_STORAGE_REQUEST,SLICE_MEC_BW_REQUEST,SLICE_RAN_R_REQUEST,SLICE_RAN_L_REQUEST,SLICE_KILL_@TIME
0.047,4.0,8.0,20.0,14.0,30.0,1.0,3.047
0.069,2.0,4.0,8.0,5.0,10.0,8.0,2.069
0.074,4.0,8.0,16.0,25.0,28.0,5.0,8.074
0.099,2.0,4.0,10.0,8.0,15.0,7.0,10.099
0.135,2.0,4.0,8.0,5.0,10.0,8.0,3.135
0.148,4.0,8.0,20.0,14.0,30.0,1.0,6.148
0.185,4.0,12.0,64.0,30.0,50.0,15.0,11.185
0.186,2.0,4.0,10.0,10.0,5.0,40.0,11.186
0.197,2.0,4.0,8.0,5.0,10.0,8.0,4.197
0.214,2.0,4.0,8.0,5.0,10.0,8.0,2.214
0.251,1.0,2.0,5.0,2.0,8.0,35.0,11.251
0.262,4.0,16.0,64.0,30.0,54.0,20.0,7.262
0.267,2.0,4.0,8.0,5.0,10.0,8.0,4.267
0.317,4.0,8.0,25.0,15.0,40.0,30.0,2.317
0.317,4.0,4.0,16.0,20.0,25.0,2.0,9.317
0.342,2.0,4.0,8.0,5.0,10.0,8.0,4.342
0.353,4.0,8.0,20.0,14.0,30.0,1.0,2.353
0.367,4.0,4.0,16.0,20.0,25.0,2.0,5.367
0.415,2.0,4.0,10.0,10.0,5.0,40.0,7.415
0.471,4.0,8.0,32.0,20.0,45.0,1.0,4.471
0.476,2.0,4.0,8.0,5.0,10.0,8.0,6.476
0.535,4.0,12.0,64.0,30.0,50.0,15.0,8.535
0.538,2.0,4.0,10.0,8.0,15.0,7.0,11.538
0.588,4.0,8.0,16.0,25.0,28.0,5.0,8.588
0.652,2.0,4.0,10.0,8.0,15.0,7.0,9.652
0.673,2.0,4.0,10.0,10.0,5.0,40.0,12.673
0.69,2.0,4.0,10.0,8.0,15.0,7.0,10.69
0.743,4.0,4.0,16.0,20.0,25.0,2.0,12.743
0.772,4.0,8.0,32.0,20.0,45.0,1.0,7.772
0.804,2.0,4.0,10.0,10.0,5.0,40.0,14.804
0.866,2.0,4.0,8.0,5.0,10.0,8.0,3.866
0.899,4.0,8.0,16.0,25.0,28.0,5.0,6.899
0.907,4.0,8.0,20.0,14.0,30.0,1.0,8.907
0.938,2.0,4.0,8.0,5.0,10.0,8.0,2.938
1.01,4.0,12.0,64.0,30.0,50.0,15.0,5.01
1.011,4.0,8.0,32.0,20.0,45.0,1.0,13.011
1.054,4.0,12.0,64.0,30.0,50.0,15.0,7.054
1.094,2.0,16.0,20.0,25.0,35.0,25.0,6.094
1.095,4.0,12.0,64.0,30.0,50.0,15.0,11.095
1.147,4.0,8.0,25.0,15.0,40.0,30.0,4.147
1.229,4.0,8.0,25.0,15.0,40.0,30.0,3.229
1.278,4.0,8.0,25.0,15.0,40.0,30.0,3.278
1.293,1.0,2.0,5.0,2.0,8.0,35.0,11.293
1.301,4.0,12.0,64.0,30.0,50.0,15.0,9.301
1.32,4.0,16.0,64.0,30.0,54.0,20.0,9.32
1.334,2.0,4.0,10.0,8.0,15.0,7.0,9.334
1.382,2.0,4.0,10.0,8.0,15.0,7.0,13.382
1.39,4.0,8.0,20.0,14.0,30.0,1.0,8.39
1.457,2.0,16.0,20.0,25.0,35.0,25.0,6.457
1.47,2.0,16.0,20.0,25.0,35.0,25.0,8.47
1.486,4.0,16.0,64.0,30.0,54.0,20.0,11.486
1.495,2.0,4.0,8.0,5.0,10.0,8.0,5.495
1.544,4.0,12.0,64.0,30.0,50.0,15.0,6.544
1.562,1.0,2.0,5.0,2.0,8.0,35.0,14.562
1.618,2.0,4.0,10.0,10.0,5.0,40.0,9.618
1.642,2.0,4.0,10.0,8.0,15.0,7.0,7.642
1.647,2.0,4.0,10.0,10.0,5.0,40.0,7.647
1.663,2.0,4.0,10.0,8.0,15.0,7.0,8.663
1.665,4.0,4.0,16.0,20.0,25.0,2.0,11.665
1.679,4.0,8.0,25.0,15.0,40.0,30.0,3.679
1.691,2.0,4.0,8.0,5.0,10.0,8.0,3.691
1.707,2.0,16.0,20.0,25.0,35.0,25.0,6.707
1.715,2.0,4.0,8.0,5.0,10.0,8.0,4.715
1.718,2.0,16.0,20.0,25.0,35.0,25.0,4.718
1.732,2.0,4.0,10.0,8.0,15.0,7.0,10.732
1.744,4.0,12.0,64.0,30.0,50.0,15.0,11.744
1.748,2.0,4.0,10.0,10.0,5.0,40.0,12.748
1.791,2.0,4.0,10.0,8.0,15.0,7.0,11.791
1.813,4.0,8.0,20.0,14.0,30.0,1.0,6.813
1.843,4.0,12.0,64.0,30.0,50.0,15.0,12.843
1.856,4.0,8.0,20.0,14.0,30.0,1.0,5.856
1.902,4.0,8.0,16.0,25.0,28.0,5.0,6.902
1.908,1.0,2.0,5.0,2.0,8.0,35.0,7.908
1.911,4.0,4.0,16.0,20.0,25.0,2.0,11.911
1.948,4.0,16.0,64.0,30.0,54.0,20.0,8.948
1.95,1.0,2.0,5.0,2.0,8.0,35.0,16.95
1.951,4.0,8.0,25.0,15.0,40.0,30.0,3.951
1.973,4.0,8.0,32.0,20.0,45.0,1.0,10.973
2.002,4.0,8.0,25.0,15.0,40.0,30.0,9.002
2.039,4.0,8.0,25.0,15.0,40.0,30.0,9.039
2.068,4.0,8.0,25.0,15.0,40.0,30.0,5.068
2.076,4.0,8.0,32.0,20.0,45.0,1.0,10.076
2.09,4.0,8.0,20.0,14.0,30.0,1.0,4.09
2.106,4.0,8.0,25.0,15.0,40.0,30.0,4.106
2.125,4.0,8.0,16.0,25.0,28.0,5.0,5.125
2.126,2.0,4.0,10.0,10.0,5.0,40.0,10.126
2.227,2.0,4.0,10.0,10.0,5.0,40.0,12.227
2.26,4.0,12.0,64.0,30.0,50.0,15.0,15.26
2.31,2.0,4.0,10.0,8.0,15.0,7.0,7.31
2.341,4.0,8.0,20.0,14.0,30.0,1.0,8.341
2.421,4.0,8.0,32.0,20.0,45.0,1.0,12.421
2.444,2.0,4.0,8.0,5.0,10.0,8.0,4.444
2.534,4.0,8.0,25.0,15.0,40.0,30.0,6.534
2.653,4.0,8.0,16.0,25.0,28.0,5.0,15.653
2.671,4.0,8.0,32.0,20.0,45.0,1.0,10.671
2.671,4.0,8.0,25.0,15.0,40.0,30.0,7.671
2.691,4.0,8.0,20.0,14.0,30.0,1.0,9.691
2.716,4.0,4.0,16.0,20.0,25.0,2.0,11.716
2.721,4.0,8.0,32.0,20.0,45.0,1.0,14.721
2.749,4.0,12.0,64.0,30.0,50.0,15.0,7.749
