ARRIVAL_REQUEST_@TIME,SLICE_MEC_CPU_REQUEST,SLICE_MEC_RAM_REQUEST,SLICE_MEC_STORAGE_REQUEST,SLICE_MEC_BW_REQUEST,SLICE_RAN_R_REQUEST,SLICE_RAN_L_REQUEST,SLICE_KILL_@TIME
0.01,4.0,8.0,25.0,15.0,40.0,30.0,3.01
0.016,4.0,4.0,16.0,20.0,25.0,2.0,7.016
0.039,4.0,8.0,25.0,15.0,40.0,30.0,3.039
0.052,2.0,4.0,10.0,8.0,15.0,7.0,8.052
0.058,4.0,8.0,25.0,15.0,40.0,30.0,6.058
0.081,4.0,8.0,20.0,14.0,30.0,1.0,3.081
0.117,2.0,4.0,10.0,8.0,15.0,7.0,12.117
0.141,2.0,4.0,8.0,5.0,10.0,8.0,1.141
0.207,2.0,4.0,8.0,5.0,10.0,8.0,3.207
0.217,2.0,4.0,10.0,8.0,15.0,7.0,14.217
0.218,4.0,8.0,20.0,14.0,30.0,1.0,9.218
0.223,2.0,4.0,10.0,10.0,5.0,40.0,7.223
0.251,4.0,16.0,64.0,30.0,54.0,20.0,11.251
0.277,4.0,16.0,64.0,30.0,54.0,20.0,8.277
0.311,2.0,16.0,20.0,25.0,35.0,25.0,5.311
0.33,4.0,8.0,25.0,15.0,40.0,30.0,1.33
0.374,2.0,4.0,8.0,5.0,10.0,8.0,0.374
0.43,4.0,16.0,64.0,30.0,54.0,20.0,11.43
0.48,4.0,8.0,25.0,15.0,40.0,30.0,3.48
0.489,4.0,8.0,20.0,14.0,30.0,1.0,3.489
0.49,4.0,16.0,64.0,30.0,54.0,20.0,13.49
0.494,4.0,8.0,32.0,20.0,45.0,1.0,4.494
0.536,4.0,16.0,64.0,30.0,54.0,20.0,8.536
0.542,2.0,4.0,8.0,5.0,10.0,8.0,2.542
0.557,2.0,4.0,10.0,8.0,15.0,7.0,7.557
0.558,4.0,8.0,32.0,20.0,45.0,1.0,10.558
0.577,2.0,4.0,10.0,8.0,15.0,7.0,11.577
0.597,2.0,16.0,20.0,25.0,35.0,25.0,1.597
0.611,4.0,8.0,20.0,14.0,30.0,1.0,4.611
0.613,4.0,8.0,25.0,15.0,40.0,30.0,4.613
0.622,4.0,8.0,32.0,20.0,45.0,1.0,6.622
0.623,4.0,8.0,32.0,20.0,45.0,1.0,8.623
0.633,4.0,12.0,64.0,30.0,50.0,15.0,11.633
0.639,2.0,16.0,20.0,25.0,35.0,25.0,7.639
0.652,2.0,4.0,8.0,5.0,10.0,8.0,3.652
0.66,4.0,8.0,32.0,20.0,45.0,1.0,13.66
0.744,1.0,2.0,5.0,2.0,8.0,35.0,12.744
0.795,2.0,4.0,10.0,8.0,15.0,7.0,10.795
0.832,2.0,4.0,10.0,10.0,5.0,40.0,8.832
0.905,4.0,8.0,25.0,15.0,40.0,30.0,1.905
0.914,4.0,16.0,64.0,30.0,54.0,20.0,13.914
0.923,2.0,4.0,10.0,8.0,15.0,7.0,13.923
0.933,4.0,8.0,25.0,15.0,40.0,30.0,2.933
0.935,4.0,8.0,16.0,25.0,28.0,5.0,10.935
0.957,4.0,8.0,20.0,14.0,30.0,1.0,5.957
0.976,4.0,8.0,32.0,20.0,45.0,1.0,6.976
0.978,4.0,8.0,16.0,25.0,28.0,5.0,18.978
0.987,2.0,4.0,8.0,5.0,10.0,8.0,4.987
1.001,2.0,4.0,10.0,10.0,5.0,40.0,14.001
1.064,4.0,4.0,16.0,20.0,25.0,2.0,9.064
1.114,2.0,4.0,10.0,8.0,15.0,7.0,9.114
1.121,2.0,4.0,8.0,5.0,10.0,8.0,6.121
1.148,4.0,8.0,25.0,15.0,40.0,30.0,4.148
1.168,1.0,2.0,5.0,2.0,8.0,35.0,15.168
1.181,4.0,8.0,32.0,20.0,45.0,1.0,9.181
1.25,4.0,8.0,16.0,25.0,28.0,5.0,12.25
1.261,4.0,8.0,20.0,14.0,30.0,1.0,3.261
1.265,4.0,8.0,25.0,15.0,40.0,30.0,5.265
1.28,4.0,8.0,16.0,25.0,28.0,5.0,9.28
1.283,2.0,4.0,8.0,5.0,10.0,8.0,5.283
1.313,2.0,4.0,8.0,5.0,10.0,8.0,3.313
1.365,4.0,8.0,25.0,15.0,40.0,30.0,3.365
1.374,4.0,8.0,20.0,14.0,30.0,1.0,7.374
1.443,2.0,4.0,10.0,10.0,5.0,40.0,10.443
1.456,2.0,4.0,10.0,8.0,15.0,7.0,9.456
1.458,4.0,8.0,25.0,15.0,40.0,30.0,2.458
1.473,4.0,8.0,20.0,14.0,30.0,1.0,13.473
1.513,2.0,16.0,20.0,25.0,35.0,25.0,9.513
1.52,4.0,8.0,16.0,25.0,28.0,5.0,13.52
1.521,4.0,8.0,16.0,25.0,28.0,5.0,13.521
1.565,2.0,4.0,10.0,10.0,5.0,40.0,5.565
1.614,4.0,8.0,20.0,14.0,30.0,1.0,9.614
1.62,2.0,16.0,20.0,25.0,35.0,25.0,2.62
1.626,4.0,8.0,25.0,15.0,40.0,30.0,3.626
1.688,4.0,12.0,64.0,30.0,50.0,15.0,9.688
1.743,4.0,8.0,20.0,14.0,30.0,1.0,7.743
1.751,2.0,4.0,8.0,5.0,10.0,8.0,4.751
1.808,2.0,16.0,20.0,25.0,35.0,25.0,2.808
1.81,4.0,12.0,64.0,30.0,50.0,15.0,12.81
1.811,1.0,2.0,5.0,2.0,8.0,35.0,12.811
1.821,4.0,8.0,20.0,14.0,30.0,1.0,12.821
1.852,4.0,8.0,20.0,14.0,30.0,1.0,7.852
1.867,4.0,4.0,16.0,20.0,25.0,2.0,7.867
1.88,2.0,4.0,10.0,8.0,15.0,7.0,9.88
1.897,4.0,16.0,64.0,30.0,54.0,20.0,9.897
1.9,2.0,4.0,10.0,10.0,5.0,40.0,13.9
1.933,4.0,8.0,16.0,25.0,28.0,5.0,9.933
1.943,2.0,4.0,10.0,8.0,15.0,7.0,9.943
1.95,4.0,4.0,16.0,20.0,25.0,2.0,11.95
1.957,4.0,8.0,25.0,15.0,40.0,30.0,4.957
2.053,4.0,8.0,25.0,15.0,40.0,30.0,8.053
2.058,4.0,8.0,25.0,15.0,40.0,30.0,4.058
2.062,2.0,16.0,20.0,25.0,35.0,25.0,10.062
2.113,4.0,16.0,64.0,30.0,54.0,20.0,7.113
2.173,4.0,16.0,64.0,30.0,54.0,20.0,12.173
2.188,2.0,4.0,8.0,5.0,10.0,8.0,8.188
2.212,4.0,4.0,16.0,20.0,25.0,2.0,10.212
2.223,4.0,8.0,25.0,15.0,40.0,30.0,7.223
2.268,4.0,8.0,16.0,25.0,28.0,5.0,7.268
2.284,2.0,4.0,10.0,10.0,5.0,40.0,10.284
