ARRIVAL_REQUEST_@TIME,SLICE_MEC_CPU_REQUEST,SLICE_MEC_RAM_REQUEST,SLICE_MEC_STORAGE_REQUEST,SLICE_MEC_BW_REQUEST,SLICE_RAN_R_REQUEST,SLICE_RAN_L_REQUEST,SLICE_KILL_@TIME
0.023,4.0,12.0,64.0,30.0,50.0,15.0,7.023
0.132,2.0,4.0,8.0,5.0,10.0,8.0,5.132
0.137,4.0,8.0,16.0,25.0,28.0,5.0,16.137
0.148,4.0,8.0,16.0,25.0,28.0,5.0,12.148
0.182,2.0,4.0,8.0,5.0,10.0,8.0,5.182
0.182,2.0,16.0,20.0,25.0,35.0,25.0,5.182
0.185,4.0,4.0,16.0,20.0,25.0,2.0,4.185
0.22,2.0,4.0,8.0,5.0,10.0,8.0,2.22
0.252,4.0,8.0,32.0,20.0,45.0,1.0,10.252
0.254,2.0,4.0,8.0,5.0,10.0,8.0,3.254
0.28,4.0,16.0,64.0,30.0,54.0,20.0,4.28
0.328,4.0,12.0,64.0,30.0,50.0,15.0,5.328
0.335,2.0,4.0,8.0,5.0,10.0,8.0,2.335
0.395,4.0,8.0,25.0,15.0,40.0,30.0,3.395
0.398,4.0,8.0,20.0,14.0,30.0,1.0,5.398
0.435,4.0,8.0,32.0,20.0,45.0,1.0,11.435
0.464,2.0,16.0,20.0,25.0,35.0,25.0,4.464
0.467,4.0,8.0,16.0,25.0,28.0,5.0,7.467
0.476,4.0,8.0,16.0,25.0,28.0,5.0,13.476
0.486,2.0,4.0,10.0,10.0,5.0,40.0,14.486
0.524,2.0,16.0,20.0,25.0,35.0,25.0,5.524
0.531,4.0,16.0,64.0,30.0,54.0,20.0,9.531
0.554,4.0,8.0,25.0,15.0,40.0,30.0,2.554
0.572,4.0,8.0,32.0,20.0,45.0,1.0,10.572
0.637,4.0,16.0,64.0,30.0,54.0,20.0,9.637
0.673,4.0,8.0,16.0,25.0,28.0,5.0,11.673
0.705,4.0,8.0,25.0,15.0,40.0,30.0,1.705
0.726,4.0,8.0,25.0,15.0,40.0,30.0,5.726
0.816,2.0,4.0,10.0,8.0,15.0,7.0,11.816
0.886,2.0,16.0,20.0,25.0,35.0,25.0,3.886
0.924,2.0,4.0,10.0,8.0,15.0,7.0,12.924
0.937,4.0,4.0,16.0,20.0,25.0,2.0,6.937
0.953,4.0,8.0,20.0,14.0,30.0,1.0,8.953
0.957,4.0,12.0,64.0,30.0,50.0,15.0,9.957
0.959,4.0,12.0,64.0,30.0,50.0,15.0,9.959
0.963,4.0,8.0,25.0,15.0,40.0,30.0,6.963
0.984,2.0,16.0,20.0,25.0,35.0,25.0,5.984
1.017,4.0,8.0,20.0,14.0,30.0,1.0,8.017
1.025,2.0,16.0,20.0,25.0,35.0,25.0,5.025
1.068,2.0,16.0,20.0,25.0,35.0,25.0,7.068
1.074,1.0,2.0,5.0,2.0,8.0,35.0,10.074
1.094,2.0,16.0,20.0,25.0,35.0,25.0,5.094
1.095,4.0,8.0,32.0,20.0,45.0,1.0,8.095
1.109,4.0,8.0,25.0,15.0,40.0,30.0,5.109
1.146,4.0,8.0,20.0,14.0,30.0,1.0,6.146
1.146,2.0,4.0,10.0,10.0,5.0,40.0,8.146
1.182,2.0,16.0,20.0,25.0,35.0,25.0,8.182
1.191,4.0,8.0,16.0,25.0,28.0,5.0,10.191
1.196,4.0,12.0,64.0,30.0,50.0,15.0,6.196
1.211,1.0,2.0,5.0,2.0,8.0,35.0,15.211
1.245,4.0,8.0,25.0,15.0,40.0,30.0,3.245
1.25,4.0,8.0,16.0,25.0,28.0,5.0,7.25
1.326,4.0,4.0,16.0,20.0,25.0,2.0,10.326
1.333,4.0,16.0,64.0,30.0,54.0,20.0,10.333
1.354,2.0,4.0,8.0,5.0,10.0,8.0,3.354
1.367,2.0,4.0,8.0,5.0,10.0,8.0,7.367
1.376,2.0,4.0,8.0,5.0,10.0,8.0,4.376
1.41,2.0,4.0,8.0,5.0,10.0,8.0,2.41
1.422,2.0,4.0,8.0,5.0,10.0,8.0,3.422
1.449,4.0,8.0,20.0,14.0,30.0,1.0,2.449
1.485,4.0,16.0,64.0,30.0,54.0,20.0,8.485
1.514,4.0,4.0,16.0,20.0,25.0,2.0,10.514
1.541,4.0,8.0,16.0,25.0,28.0,5.0,8.541
1.569,2.0,16.0,20.0,25.0,35.0,25.0,5.569
1.651,4.0,12.0,64.0,30.0,50.0,15.0,10.651
1.684,4.0,4.0,16.0,20.0,25.0,2.0,15.684
1.686,4.0,8.0,16.0,25.0,28.0,5.0,10.686
1.691,2.0,4.0,8.0,5.0,10.0,8.0,3.691
1.695,4.0,8.0,16.0,25.0,28.0,5.0,10.695
1.751,2.0,4.0,10.0,10.0,5.0,40.0,12.751
1.752,1.0,2.0,5.0,2.0,8.0,35.0,13.752
1.822,2.0,4.0,10.0,8.0,15.0,7.0,12.822
1.908,1.0,2.0,5.0,2.0,8.0,35.0,10.908
1.926,4.0,8.0,16.0,25.0,28.0,5.0,8.926
1.939,4.0,8.0,16.0,25.0,28.0,5.0,6.939
1.966,2.0,4.0,10.0,10.0,5.0,40.0,12.966
1.969,2.0,4.0,8.0,5.0,10.0,8.0,6.969
2.041,2.0,4.0,8.0,5.0,10.0,8.0,2.041
2.049,4.0,8.0,20.0,14.0,30.0,1.0,7.049
2.124,4.0,8.0,16.0,25.0,28.0,5.0,7.124
2.186,2.0,4.0,10.0,10.0,5.0,40.0,10.186
2.204,4.0,8.0,20.0,14.0,30.0,1.0,9.204
2.222,4.0,8.0,20.0,14.0,30.0,1.0,10.222
2.342,2.0,16.0,20.0,25.0,35.0,25.0,9.342
2.355,4.0,12.0,64.0,30.0,50.0,15.0,11.355
2.405,2.0,16.0,20.0,25.0,35.0,25.0,6.405
2.446,1.0,2.0,5.0,2.0,8.0,35.0,12.446
2.461,2.0,16.0,20.0,25.0,35.0,25.0,10.461
2.563,4.0,8.0,32.0,20.0,45.0,1.0,8.563
2.589,4.0,8.0,16.0,25.0,28.0,5.0,13.589
2.595,2.0,4.0,10.0,8.0,15.0,7.0,12.595
2.607,1.0,2.0,5.0,2.0,8.0,35.0,10.607
2.65,2.0,4.0,10.0,8.0,15.0,7.0,6.65
2.669,4.0,16.0,64.0,30.0,54.0,20.0,11.669
2.67,4.0,4.0,16.0,20.0,25.0,2.0,12.67
2.717,4.0,12.0,64.0,30.0,50.0,15.0,10.717
2.733,4.0,8.0,25.0,15.0,40.0,30.0,6.733
2.738,4.0,16.0,64.0,30.0,54.0,20.0,8.738
2.745,4.0,8.0,25.0,15.0,40.0,30.0,4.745
2.765,4.0,8.0,25.0,15.0,40.0,30.0,5.765
