ARRIVAL_REQUEST_@TIME,SLICE_MEC_CPU_REQUEST,SLICE_MEC_RAM_REQUEST,SLICE_MEC_STORAGE_REQUEST,SLICE_MEC_BW_REQUEST,SLICE_RAN_R_REQUEST,SLICE_RAN_L_REQUEST,SLICE_KILL_@TIME
0.067,4.0,12.0,64.0,30.0,50.0,15.0,6.067
0.095,2.0,4.0,10.0,10.0,5.0,40.0,12.095
0.103,4.0,12.0,64.0,30.0,50.0,15.0,9.103
0.183,4.0,8.0,20.0,14.0,30.0,1.0,1.183
0.191,1.0,2.0,5.0,2.0,8.0,35.0,9.191
0.199,4.0,8.0,25.0,15.0,40.0,30.0,4.199
0.207,4.0,16.0,64.0,30.0,54.0,20.0,10.207
0.224,4.0,4.0,16.0,20.0,25.0,2.0,13.224
0.228,4.0,8.0,25.0,15.0,40.0,30.0,2.228
0.282,2.0,4.0,10.0,10.0,5.0,40.0,12.282
0.37,4.0,8.0,16.0,25.0,28.0,5.0,13.37
0.372,4.0,8.0,20.0,14.0,30.0,1.0,5.372
0.376,2.0,16.0,20.0,25.0,35.0,25.0,6.376
0.471,4.0,16.0,64.0,30.0,54.0,20.0,6.471
0.478,4.0,8.0,32.0,20.0,45.0,1.0,4.478
0.499,2.0,16.0,20.0,25.0,35.0,25.0,2.499
0.542,4.0,8.0,16.0,25.0,28.0,5.0,12.542
0.543,2.0,4.0,8.0,5.0,10.0,8.0,2.543
0.552,2.0,4.0,10.0,8.0,15.0,7.0,6.552
0.589,2.0,4.0,8.0,5.0,10.0,8.0,2.589
0.612,4.0,8.0,20.0,14.0,30.0,1.0,6.612
0.619,4.0,8.0,25.0,15.0,40.0,30.0,1.619
0.63,2.0,16.0,20.0,25.0,35.0,25.0,11.63
0.697,4.0,8.0,25.0,15.0,40.0,30.0,3.697
0.7,2.0,16.0,20.0,25.0,35.0,25.0,4.7
0.73,2.0,4.0,10.0,8.0,15.0,7.0,10.73
0.786,2.0,16.0,20.0,25.0,35.0,25.0,3.786
0.823,2.0,16.0,20.0,25.0,35.0,25.0,7.823
0.858,2.0,4.0,8.0,5.0,10.0,8.0,3.858
0.888,2.0,4.0,10.0,10.0,5.0,40.0,15.888
0.903,4.0,8.0,25.0,15.0,40.0,30.0,2.903
0.908,4.0,8.0,16.0,25.0,28.0,5.0,16.908
0.986,2.0,4.0,10.0,8.0,15.0,7.0,7.986
1.022,4.0,8.0,16.0,25.0,28.0,5.0,10.022
1.078,4.0,8.0,25.0,15.0,40.0,30.0,6.078
1.097,2.0,4.0,8.0,5.0,10.0,8.0,4.097
1.122,2.0,4.0,10.0,10.0,5.0,40.0,14.122
1.191,2.0,4.0,10.0,8.0,15.0,7.0,10.191
1.209,4.0,8.0,20.0,14.0,30.0,1.0,7.209
1.234,2.0,4.0,8.0,5.0,10.0,8.0,4.234
1.235,4.0,12.0,64.0,30.0,50.0,15.0,7.235
1.377,2.0,4.0,8.0,5.0,10.0,8.0,3.377
1.392,1.0,2.0,5.0,2.0,8.0,35.0,13.392
1.412,4.0,8.0,32.0,20.0,45.0,1.0,6.412
1.421,2.0,4.0,10.0,8.0,15.0,7.0,14.421
1.429,2.0,4.0,8.0,5.0,10.0,8.0,6.429
1.436,2.0,4.0,10.0,8.0,15.0,7.0,10.436
1.445,2.0,16.0,20.0,25.0,35.0,25.0,2.445
1.557,2.0,4.0,10.0,8.0,15.0,7.0,12.557
1.619,4.0,8.0,16.0,25.0,28.0,5.0,9.619
1.66,2.0,4.0,10.0,10.0,5.0,40.0,17.66
1.701,2.0,16.0,20.0,25.0,35.0,25.0,8.701
1.722,2.0,4.0,8.0,5.0,10.0,8.0,5.722
1.783,4.0,8.0,25.0,15.0,40.0,30.0,6.783
1.797,2.0,4.0,10.0,10.0,5.0,40.0,8.797
1.813,2.0,4.0,10.0,10.0,5.0,40.0,15.813
1.893,2.0,4.0,8.0,5.0,10.0,8.0,5.893
1.909,2.0,4.0,10.0,10.0,5.0,40.0,7.909
1.91,2.0,4.0,10.0,10.0,5.0,40.0,14.91
1.919,2.0,16.0,20.0,25.0,35.0,25.0,7.919
1.978,1.0,2.0,5.0,2.0,8.0,35.0,10.978
2.016,1.0,2.0,5.0,2.0,8.0,35.0,10.016
2.034,1.0,2.0,5.0,2.0,8.0,35.0,9.034
2.045,4.0,8.0,25.0,15.0,40.0,30.0,3.045
2.057,4.0,8.0,25.0,15.0,40.0,30.0,8.057
2.09,4.0,8.0,16.0,25.0,28.0,5.0,12.09
2.157,2.0,4.0,8.0,5.0,10.0,8.0,6.157
2.162,1.0,2.0,5.0,2.0,8.0,35.0,12.162
2.27,2.0,16.0,20.0,25.0,35.0,25.0,5.27
2.302,2.0,16.0,20.0,25.0,35.0,25.0,4.302
2.305,2.0,4.0,10.0,10.0,5.0,40.0,10.305
2.329,4.0,4.0,16.0,20.0,25.0,2.0,14.329
2.335,4.0,8.0,16.0,25.0,28.0,5.0,14.335
2.353,4.0,16.0,64.0,30.0,54.0,20.0,6.353
2.38,4.0,8.0,25.0,15.0,40.0,30.0,3.38
2.408,4.0,4.0,16.0,20.0,25.0,2.0,16.408
2.412,4.0,16.0,64.0,30.0,54.0,20.0,17.412
2.415,4.0,8.0,20.0,14.0,30.0,1.0,4.415
2.422,1.0,2.0,5.0,2.0,8.0,35.0,15.422
2.428,4.0,4.0,16.0,20.0,25.0,2.0,7.428
2.429,4.0,8.0,20.0,14.0,30.0,1.0,6.429
2.436,4.0,8.0,25.0,15.0,40.0,30.0,6.436
2.534,1.0,2.0,5.0,2.0,8.0,35.0,10.534
2.535,4.0,8.0,32.0,20.0,45.0,1.0,7.535
2.558,2.0,4.0,10.0,8.0,15.0,7.0,13.558
2.584,4.0,4.0,16.0,20.0,25.0,2.0,14.584
2.619,1.0,2.0,5.0,2.0,8.0,35.0,11.619
2.631,2.0,4.0,8.0,5.0,10.0,8.0,2.631
2.662,2.0,4.0,8.0,5.0,10.0,8.0,4.662
2.669,2.0,4.0,10.0,10.0,5.0,40.0,7.669
2.721,4.0,8.0,25.0,15.0,40.0,30.0,3.721
2.773,2.0,16.0,20.0,25.0,35.0,25.0,5.773
2.792,4.0,8.0,32.0,20.0,45.0,1.0,4.792
2.875,2.0,4.0,10.0,8.0,15.0,7.0,10.875
2.904,4.0,8.0,16.0,25.0,28.0,5.0,16.904
2.906,4.0,8.0,25.0,15.0,40.0,30.0,8.906
2.931,4.0,8.0,20.0,14.0,30.0,1.0,6.931
2.938,4.0,8.0,25.0,15.0,40.0,30.0,6.938
3.034,2.0,16.0,20.0,25.0,35.0,25.0,10.034
3.084,4.0,8.0,16.0,25.0,28.0,5.0,13.084
