ARRIVAL_REQUEST_@TIME,SLICE_MEC_CPU_REQUEST,SLICE_MEC_RAM_REQUEST,SLICE_MEC_STORAGE_REQUEST,SLICE_MEC_BW_REQUEST,SLICE_RAN_R_REQUEST,SLICE_RAN_L_REQUEST,SLICE_KILL_@TIME
0.016,2.0,4.0,10.0,10.0,5.0,40.0,13.016
0.023,4.0,8.0,25.0,15.0,40.0,30.0,7.023
0.114,2.0,4.0,10.0,8.0,15.0,7.0,10.114
0.118,4.0,8.0,20.0,14.0,30.0,1.0,4.118
0.124,4.0,16.0,64.0,30.0,54.0,20.0,3.124
0.13,4.0,8.0,32.0,20.0,45.0,1.0,9.13
0.171,2.0,16.0,20.0,25.0,35.0,25.0,4.171
0.257,4.0,8.0,16.0,25.0,28.0,5.0,3.257
0.272,1.0,2.0,5.0,2.0,8.0,35.0,9.272
0.311,2.0,4.0,8.0,5.0,10.0,8.0,0.311
0.313,4.0,8.0,32.0,20.0,45.0,1.0,7.313
0.327,2.0,16.0,20.0,25.0,35.0,25.0,3.327
0.348,2.0,4.0,8.0,5.0,10.0,8.0,4.348
0.368,4.0,8.0,25.0,15.0,40.0,30.0,4.368
0.372,2.0,16.0,20.0,25.0,35.0,25.0,7.372
0.388,4.0,8.0,32.0,20.0,45.0,1.0,9.388
0.463,4.0,8.0,32.0,20.0,45.0,1.0,6.463
0.483,4.0,16.0,64.0,30.0,54.0,20.0,7.483
0.508,4.0,8.0,16.0,25.0,28.0,5.0,11.508
0.559,1.0,2.0,5.0,2.0,8.0,35.0,7.559
0.588,4.0,8.0,25.0,15.0,40.0,30.0,2.588
0.653,2.0,4.0,8.0,5.0,10.0,8.0,7.653
0.688,4.0,4.0,16.0,20.0,25.0,2.0,6.688
0.747,2.0,4.0,10.0,8.0,15.0,7.0,14.747
0.762,4.0,8.0,25.0,15.0,40.0,30.0,2.762
0.777,4.0,16.0,64.0,30.0,54.0,20.0,7.777
0.778,4.0,8.0,16.0,25.0,28.0,5.0,7.778
0.783,2.0,4.0,10.0,8.0,15.0,7.0,14.783
0.798,2.0,4.0,10.0,10.0,5.0,40.0,11.798
0.802,2.0,16.0,20.0,25.0,35.0,25.0,8.802
0.866,2.0,4.0,10.0,8.0,15.0,7.0,3.866
0.887,2.0,4.0,10.0,10.0,5.0,40.0,7.887
0.983,1.0,2.0,5.0,2.0,8.0,35.0,11.983
1.066,2.0,4.0,10.0,8.0,15.0,7.0,9.066
1.083,4.0,8.0,25.0,15.0,40.0,30.0,3.083
1.096,4.0,4.0,16.0,20.0,25.0,2.0,7.096
1.114,4.0,8.0,32.0,20.0,45.0,1.0,6.114
1.119,2.0,4.0,10.0,10.0,5.0,40.0,10.119
1.164,4.0,4.0,16.0,20.0,25.0,2.0,7.164
1.167,4.0,8.0,25.0,15.0,40.0,30.0,2.167
1.188,4.0,4.0,16.0,20.0,25.0,2.0,9.188
1.199,2.0,4.0,8.0,5.0,10.0,8.0,5.199
1.206,1.0,2.0,5.0,2.0,8.0,35.0,7.206
1.257,4.0,8.0,20.0,14.0,30.0,1.0,8.257
1.293,4.0,8.0,20.0,14.0,30.0,1.0,3.293
1.441,2.0,4.0,10.0,10.0,5.0,40.0,6.441
1.466,2.0,4.0,10.0,8.0,15.0,7.0,11.466
1.497,2.0,16.0,20.0,25.0,35.0,25.0,5.497
1.511,2.0,4.0,8.0,5.0,10.0,8.0,3.511
1.563,4.0,8.0,20.0,14.0,30.0,1.0,5.563
1.567,2.0,4.0,10.0,8.0,15.0,7.0,14.567
1.586,4.0,8.0,25.0,15.0,40.0,30.0,5.586
1.64,4.0,4.0,16.0,20.0,25.0,2.0,7.64
1.654,2.0,4.0,10.0,8.0,15.0,7.0,9.654
1.688,4.0,8.0,25.0,15.0,40.0,30.0,2.688
1.741,2.0,16.0,20.0,25.0,35.0,25.0,6.741
1.744,4.0,4.0,16.0,20.0,25.0,2.0,6.744
1.807,4.0,8.0,20.0,14.0,30.0,1.0,4.807
1.807,4.0,12.0,64.0,30.0,50.0,15.0,10.807
1.812,4.0,8.0,25.0,15.0,40.0,30.0,8.812
1.836,4.0,8.0,16.0,25.0,28.0,5.0,10.836
1.957,2.0,4.0,10.0,10.0,5.0,40.0,12.957
1.979,4.0,8.0,25.0,15.0,40.0,30.0,2.979
2.002,4.0,8.0,16.0,25.0,28.0,5.0,12.002
2.046,2.0,4.0,10.0,10.0,5.0,40.0,16.046
2.086,4.0,8.0,20.0,14.0,30.0,1.0,5.086
2.111,4.0,12.0,64.0,30.0,50.0,15.0,11.111
2.132,4.0,8.0,20.0,14.0,30.0,1.0,6.132
2.132,4.0,12.0,64.0,30.0,50.0,15.0,11.132
2.151,4.0,8.0,32.0,20.0,45.0,1.0,16.151
2.157,2.0,4.0,10.0,10.0,5.0,40.0,6.157
2.159,4.0,12.0,64.0,30.0,50.0,15.0,13.159
2.16,1.0,2.0,5.0,2.0,8.0,35.0,15.16
2.169,4.0,8.0,25.0,15.0,40.0,30.0,7.169
2.199,4.0,12.0,64.0,30.0,50.0,15.0,10.199
2.216,1.0,2.0,5.0,2.0,8.0,35.0,10.216
2.225,4.0,8.0,32.0,20.0,45.0,1.0,18.225
2.288,2.0,4.0,8.0,5.0,10.0,8.0,3.288
2.302,2.0,4.0,8.0,5.0,10.0,8.0,6.302
2.31,1.0,2.0,5.0,2.0,8.0,35.0,12.31
2.312,2.0,4.0,8.0,5.0,10.0,8.0,4.312
2.316,4.0,8.0,32.0,20.0,45.0,1.0,7.316
2.347,4.0,8.0,32.0,20.0,45.0,1.0,9.347
2.376,4.0,8.0,25.0,15.0,40.0,30.0,2.376
2.457,4.0,4.0,16.0,20.0,25.0,2.0,11.457
2.477,2.0,4.0,10.0,8.0,15.0,7.0,12.477
2.51,4.0,8.0,25.0,15.0,40.0,30.0,5.51
2.55,4.0,8.0,25.0,15.0,40.0,30.0,8.55
2.563,4.0,8.0,25.0,15.0,40.0,30.0,6.563
2.603,2.0,16.0,20.0,25.0,35.0,25.0,8.603
2.606,4.0,8.0,32.0,20.0,45.0,1.0,11.606
2.644,4.0,8.0,16.0,25.0,28.0,5.0,13.644
2.672,2.0,4.0,8.0,5.0,10.0,8.0,4.672
2.718,2.0,4.0,10.0,8.0,15.0,7.0,23.718
2.74,2.0,4.0,8.0,5.0,10.0,8.0,7.74
2.745,4.0,8.0,32.0,20.0,45.0,1.0,15.745
2.773,4.0,8.0,20.0,14.0,30.0,1.0,7.773
2.805,2.0,16.0,20.0,25.0,35.0,25.0,5.805
2.841,2.0,4.0,10.0,8.0,15.0,7.0,11.841
2.856,4.0,16.0,64.0,30.0,54.0,20.0,10.856
2.895,4.0,8.0,32.0,20.0,45.0,1.0,19.895
