ARRIVAL_REQUEST_@TIME,SLICE_MEC_CPU_REQUEST,SLICE_MEC_RAM_REQUEST,SLICE_MEC_STORAGE_REQUEST,SLICE_MEC_BW_REQUEST,SLICE_RAN_R_REQUEST,SLICE_RAN_L_REQUEST,SLICE_KILL_@TIME
0.04,1.0,2.0,5.0,2.0,8.0,35.0,10.04
0.057,4.0,12.0,64.0,30.0,50.0,15.0,13.057
0.14,2.0,4.0,10.0,8.0,15.0,7.0,7.14
0.221,1.0,2.0,5.0,2.0,8.0,35.0,7.221
0.271,2.0,16.0,20.0,25.0,35.0,25.0,4.271
0.334,4.0,8.0,16.0,25.0,28.0,5.0,8.334
0.405,4.0,8.0,16.0,25.0,28.0,5.0,9.405
0.447,4.0,8.0,20.0,14.0,30.0,1.0,4.447
0.487,4.0,8.0,20.0,14.0,30.0,1.0,2.487
0.504,4.0,8.0,20.0,14.0,30.0,1.0,5.504
0.514,2.0,16.0,20.0,25.0,35.0,25.0,3.514
0.562,4.0,8.0,25.0,15.0,40.0,30.0,4.562
0.597,1.0,2.0,5.0,2.0,8.0,35.0,8.597
0.599,4.0,8.0,16.0,25.0,28.0,5.0,11.599
0.61,2.0,4.0,8.0,5.0,10.0,8.0,3.61
0.638,4.0,8.0,25.0,15.0,40.0,30.0,3.638
0.718,2.0,4.0,8.0,5.0,10.0,8.0,2.718
0.72,4.0,12.0,64.0,30.0,50.0,15.0,7.72
0.813,2.0,4.0,8.0,5.0,10.0,8.0,4.813
0.903,4.0,12.0,64.0,30.0,50.0,15.0,7.903
0.934,2.0,4.0,8.0,5.0,10.0,8.0,3.934
0.983,2.0,4.0,10.0,8.0,15.0,7.0,9.983
1.006,2.0,16.0,20.0,25.0,35.0,25.0,9.006
1.062,4.0,8.0,32.0,20.0,45.0,1.0,13.062
1.09,4.0,8.0,32.0,20.0,45.0,1.0,18.09
1.095,4.0,8.0,32.0,20.0,45.0,1.0,9.095
1.103,2.0,4.0,10.0,10.0,5.0,40.0,7.103
1.109,2.0,16.0,20.0,25.0,35.0,25.0,5.109
1.144,4.0,8.0,16.0,25.0,28.0,5.0,10.144
1.263,2.0,4.0,10.0,8.0,15.0,7.0,8.263
1.273,4.0,16.0,64.0,30.0,54.0,20.0,6.273
1.281,4.0,8.0,25.0,15.0,40.0,30.0,5.281
1.317,4.0,4.0,16.0,20.0,25.0,2.0,9.317
1.32,4.0,8.0,25.0,15.0,40.0,30.0,5.32
1.393,1.0,2.0,5.0,2.0,8.0,35.0,19.393
1.415,4.0,8.0,25.0,15.0,40.0,30.0,3.415
1.416,2.0,16.0,20.0,25.0,35.0,25.0,6.416
1.453,2.0,4.0,8.0,5.0,10.0,8.0,1.453
1.485,4.0,8.0,16.0,25.0,28.0,5.0,15.485
1.504,4.0,8.0,32.0,20.0,45.0,1.0,7.504
1.519,4.0,8.0,25.0,15.0,40.0,30.0,4.519
1.554,2.0,4.0,8.0,5.0,10.0,8.0,5.554
1.571,4.0,8.0,20.0,14.0,30.0,1.0,10.571
1.585,2.0,4.0,8.0,5.0,10.0,8.0,7.585
1.592,2.0,16.0,20.0,25.0,35.0,25.0,7.592
1.61,4.0,4.0,16.0,20.0,25.0,2.0,8.61
1.622,2.0,4.0,8.0,5.0,10.0,8.0,4.622
1.636,4.0,8.0,25.0,15.0,40.0,30.0,3.636
1.655,4.0,16.0,64.0,30.0,54.0,20.0,11.655
1.656,4.0,8.0,25.0,15.0,40.0,30.0,3.656
1.671,4.0,8.0,16.0,25.0,28.0,5.0,11.671
1.674,4.0,8.0,20.0,14.0,30.0,1.0,6.674
1.695,4.0,12.0,64.0,30.0,50.0,15.0,7.695
1.712,4.0,4.0,16.0,20.0,25.0,2.0,8.712
1.816,2.0,4.0,10.0,8.0,15.0,7.0,13.816
1.84,1.0,2.0,5.0,2.0,8.0,35.0,13.84
1.843,4.0,8.0,20.0,14.0,30.0,1.0,9.843
1.855,4.0,8.0,25.0,15.0,40.0,30.0,3.855
1.889,4.0,8.0,25.0,15.0,40.0,30.0,1.889
1.908,1.0,2.0,5.0,2.0,8.0,35.0,13.908
1.944,4.0,8.0,20.0,14.0,30.0,1.0,6.944
2.012,2.0,4.0,8.0,5.0,10.0,8.0,4.012
2.018,4.0,8.0,16.0,25.0,28.0,5.0,18.018
2.069,2.0,4.0,10.0,8.0,15.0,7.0,14.069
2.09,2.0,4.0,8.0,5.0,10.0,8.0,2.09
2.094,2.0,4.0,10.0,10.0,5.0,40.0,12.094
2.137,4.0,4.0,16.0,20.0,25.0,2.0,16.137
2.195,2.0,4.0,10.0,8.0,15.0,7.0,12.195
2.243,2.0,4.0,10.0,10.0,5.0,40.0,19.243
2.255,2.0,4.0,10.0,8.0,15.0,7.0,14.255
2.282,4.0,8.0,25.0,15.0,40.0,30.0,7.282
2.303,4.0,4.0,16.0,20.0,25.0,2.0,13.303
2.304,2.0,4.0,10.0,8.0,15.0,7.0,12.304
2.34,4.0,8.0,25.0,15.0,40.0,30.0,4.34
2.5,4.0,8.0,20.0,14.0,30.0,1.0,9.5
2.5,4.0,8.0,20.0,14.0,30.0,1.0,4.5
2.525,2.0,4.0,8.0,5.0,10.0,8.0,3.525
2.55,4.0,8.0,20.0,14.0,30.0,1.0,5.55
2.563,4.0,8.0,25.0,15.0,40.0,30.0,6.563
2.566,1.0,2.0,5.0,2.0,8.0,35.0,7.566
2.568,2.0,4.0,10.0,8.0,15.0,7.0,6.568
2.652,2.0,16.0,20.0,25.0,35.0,25.0,6.652
2.658,2.0,4.0,8.0,5.0,10.0,8.0,3.658
2.665,2.0,4.0,10.0,8.0,15.0,7.0,9.665
2.711,4.0,8.0,20.0,14.0,30.0,1.0,6.711
2.725,4.0,16.0,64.0,30.0,54.0,20.0,11.725
2.83,4.0,4.0,16.0,20.0,25.0,2.0,12.83
2.839,2.0,4.0,10.0,8.0,15.0,7.0,11.839
2.846,1.0,2.0,5.0,2.0,8.0,35.0,9.846
2.867,4.0,8.0,20.0,14.0,30.0,1.0,5.867
2.869,1.0,2.0,5.0,2.0,8.0,35.0,7.869
2.871,4.0,8.0,16.0,25.0,28.0,5.0,8.871
2.874,1.0,2.0,5.0,2.0,8.0,35.0,14.874
2.882,2.0,4.0,10.0,8.0,15.0,7.0,15.882
2.896,4.0,8.0,16.0,25.0,28.0,5.0,17.896
2.898,4.0,16.0,64.0,30.0,54.0,20.0,9.898
2.926,4.0,8.0,16.0,25.0,28.0,5.0,12.926
2.971,1.0,2.0,5.0,2.0,8.0,35.0,9.971
3.034,2.0,4.0,8.0,5.0,10.0,8.0,5.034
3.037,2.0,4.0,10.0,10.0,5.0,40.0,16.037
