ARRIVAL_REQUEST_@TIME,SLICE_MEC_CPU_REQUEST,SLICE_MEC_RAM_REQUEST,SLICE_MEC_STORAGE_REQUEST,SLICE_MEC_BW_REQUEST,SLICE_RAN_R_REQUEST,SLICE_RAN_L_REQUEST,SLICE_KILL_@TIME
0.038,4.0,8.0,25.0,15.0,40.0,30.0,2.038
0.043,4.0,12.0,64.0,30.0,50.0,15.0,4.043
0.068,4.0,16.0,64.0,30.0,54.0,20.0,10.068
0.075,1.0,2.0,5.0,2.0,8.0,35.0,8.075
0.159,4.0,12.0,64.0,30.0,50.0,15.0,10.159
0.22,4.0,16.0,64.0,30.0,54.0,20.0,5.22
0.238,4.0,8.0,16.0,25.0,28.0,5.0,4.238
0.272,2.0,4.0,10.0,10.0,5.0,40.0,7.272
0.294,4.0,8.0,25.0,15.0,40.0,30.0,1.294
0.303,4.0,8.0,16.0,25.0,28.0,5.0,8.303
0.328,4.0,8.0,20.0,14.0,30.0,1.0,10.328
0.344,2.0,4.0,10.0,10.0,5.0,40.0,15.344
0.358,4.0,8.0,20.0,14.0,30.0,1.0,5.358
0.37,4.0,8.0,20.0,14.0,30.0,1.0,5.37
0.39,4.0,8.0,16.0,25.0,28.0,5.0,11.39
0.503,2.0,4.0,10.0,8.0,15.0,7.0,10.503
0.55,4.0,8.0,25.0,15.0,40.0,30.0,2.55
0.585,1.0,2.0,5.0,2.0,8.0,35.0,7.585
0.611,2.0,4.0,8.0,5.0,10.0,8.0,2.611
0.667,2.0,16.0,20.0,25.0,35.0,25.0,2.667
0.679,2.0,16.0,20.0,25.0,35.0,25.0,4.679
0.79,2.0,4.0,10.0,10.0,5.0,40.0,13.79
0.826,4.0,8.0,25.0,15.0,40.0,30.0,2.826
0.853,4.0,12.0,64.0,30.0,50.0,15.0,9.853
0.854,2.0,4.0,8.0,5.0,10.0,8.0,4.854
0.867,2.0,4.0,10.0,10.0,5.0,40.0,8.867
0.89,2.0,16.0,20.0,25.0,35.0,25.0,8.89
0.912,2.0,4.0,8.0,5.0,10.0,8.0,2.912
0.924,1.0,2.0,5.0,2.0,8.0,35.0,10.924
0.936,1.0,2.0,5.0,2.0,8.0,35.0,4.936
0.953,4.0,8.0,20.0,14.0,30.0,1.0,4.953
0.977,4.0,8.0,16.0,25.0,28.0,5.0,12.977
1.047,2.0,16.0,20.0,25.0,35.0,25.0,9.047
1.071,2.0,4.0,10.0,10.0,5.0,40.0,13.071
1.092,2.0,4.0,10.0,8.0,15.0,7.0,6.092
1.14,2.0,16.0,20.0,25.0,35.0,25.0,7.14
1.181,2.0,4.0,10.0,10.0,5.0,40.0,7.181
1.198,2.0,4.0,8.0,5.0,10.0,8.0,4.198
1.3,2.0,16.0,20.0,25.0,35.0,25.0,6.3
1.317,4.0,8.0,25.0,15.0,40.0,30.0,7.317
1.329,4.0,8.0,25.0,15.0,40.0,30.0,3.329
1.331,4.0,16.0,64.0,30.0,54.0,20.0,12.331
1.364,2.0,4.0,8.0,5.0,10.0,8.0,2.364
1.403,2.0,4.0,8.0,5.0,10.0,8.0,2.403
1.451,4.0,12.0,64.0,30.0,50.0,15.0,11.451
1.514,2.0,4.0,8.0,5.0,10.0,8.0,1.514
1.557,4.0,4.0,16.0,20.0,25.0,2.0,12.557
1.617,4.0,8.0,32.0,20.0,45.0,1.0,4.617
1.629,4.0,8.0,25.0,15.0,40.0,30.0,4.629
1.641,2.0,4.0,10.0,8.0,15.0,7.0,9.641
1.641,4.0,8.0,25.0,15.0,40.0,30.0,4.641
1.648,4.0,12.0,64.0,30.0,50.0,15.0,7.648
1.669,4.0,8.0,25.0,15.0,40.0,30.0,4.669
1.696,4.0,8.0,16.0,25.0,28.0,5.0,18.696
1.745,4.0,8.0,25.0,15.0,40.0,30.0,4.745
1.749,4.0,8.0,16.0,25.0,28.0,5.0,11.749
1.822,4.0,8.0,32.0,20.0,45.0,1.0,9.822
1.882,4.0,8.0,25.0,15.0,40.0,30.0,3.882
1.915,4.0,12.0,64.0,30.0,50.0,15.0,7.915
1.953,4.0,4.0,16.0,20.0,25.0,2.0,9.953
1.959,4.0,4.0,16.0,20.0,25.0,2.0,9.959
2.007,4.0,16.0,64.0,30.0,54.0,20.0,12.007
2.011,4.0,8.0,20.0,14.0,30.0,1.0,5.011
2.042,4.0,8.0,25.0,15.0,40.0,30.0,9.042
2.049,2.0,4.0,8.0,5.0,10.0,8.0,8.049
2.059,2.0,4.0,8.0,5.0,10.0,8.0,4.059
2.064,2.0,4.0,8.0,5.0,10.0,8.0,6.064
2.073,2.0,4.0,8.0,5.0,10.0,8.0,5.073
2.126,4.0,8.0,16.0,25.0,28.0,5.0,17.126
2.137,2.0,4.0,10.0,10.0,5.0,40.0,11.137
2.142,2.0,4.0,8.0,5.0,10.0,8.0,7.142
2.26,4.0,8.0,16.0,25.0,28.0,5.0,12.26
2.3,4.0,8.0,25.0,15.0,40.0,30.0,5.3
2.317,2.0,16.0,20.0,25.0,35.0,25.0,12.317
2.32,4.0,4.0,16.0,20.0,25.0,2.0,9.32
2.36,4.0,12.0,64.0,30.0,50.0,15.0,11.36
2.366,4.0,8.0,16.0,25.0,28.0,5.0,15.366
2.376,2.0,4.0,10.0,8.0,15.0,7.0,11.376
2.387,4.0,8.0,25.0,15.0,40.0,30.0,4.387
2.407,2.0,4.0,8.0,5.0,10.0,8.0,4.407
2.412,2.0,4.0,10.0,10.0,5.0,40.0,12.412
2.429,4.0,8.0,25.0,15.0,40.0,30.0,8.429
2.449,2.0,16.0,20.0,25.0,35.0,25.0,9.449
2.475,2.0,4.0,10.0,8.0,15.0,7.0,13.475
2.515,4.0,8.0,16.0,25.0,28.0,5.0,11.515
2.533,2.0,4.0,10.0,10.0,5.0,40.0,15.533
2.535,4.0,8.0,32.0,20.0,45.0,1.0,11.535
2.546,1.0,2.0,5.0,2.0,8.0,35.0,11.546
2.556,2.0,16.0,20.0,25.0,35.0,25.0,5.556
2.588,4.0,12.0,64.0,30.0,50.0,15.0,12.588
2.683,2.0,4.0,8.0,5.0,10.0,8.0,4.683
2.691,4.0,8.0,16.0,25.0,28.0,5.0,9.691
2.695,2.0,4.0,8.0,5.0,10.0,8.0,5.695
2.721,2.0,16.0,20.0,25.0,35.0,25.0,6.721
2.744,4.0,8.0,16.0,25.0,28.0,5.0,12.744
2.758,1.0,2.0,5.0,2.0,8.0,35.0,7.758
2.763,2.0,4.0,8.0,5.0,10.0,8.0,2.763
2.78,2.0,4.0,10.0,10.0,5.0,40.0,13.78
2.995,4.0,8.0,16.0,25.0,28.0,5.0,18.995
3.001,2.0,4.0,10.0,10.0,5.0,40.0,15.001
