ARRIVAL_REQUEST_@TIME,SLICE_MEC_CPU_REQUEST,SLICE_MEC_RAM_REQUEST,SLICE_MEC_STORAGE_REQUEST,SLICE_MEC_BW_REQUEST,SLICE_RAN_R_REQUEST,SLICE_RAN_L_REQUEST,SLICE_KILL_@TIME
0.003,4.0,12.0,64.0,30.0,50.0,15.0,6.003
0.023,4.0,8.0,32.0,20.0,45.0,1.0,3.023
0.031,4.0,8.0,25.0,15.0,40.0,30.0,1.031
0.032,4.0,8.0,25.0,15.0,40.0,30.0,1.032
0.037,4.0,8.0,20.0,14.0,30.0,1.0,1.037
0.038,4.0,8.0,16.0,25.0,28.0,5.0,0.038
0.048,2.0,4.0,8.0,5.0,10.0,8.0,0.048
0.049,4.0,8.0,25.0,15.0,40.0,30.0,2.049
0.053,4.0,8.0,32.0,20.0,45.0,1.0,5.053
0.055,4.0,12.0,64.0,30.0,50.0,15.0,1.055
0.059,4.0,8.0,16.0,25.0,28.0,5.0,4.059
0.064,4.0,8.0,16.0,25.0,28.0,5.0,2.064
0.069,4.0,8.0,32.0,20.0,45.0,1.0,1.069
0.071,4.0,8.0,16.0,25.0,28.0,5.0,5.071
0.074,4.0,12.0,64.0,30.0,50.0,15.0,5.074
0.079,4.0,4.0,16.0,20.0,25.0,2.0,2.079
0.094,4.0,8.0,25.0,15.0,40.0,30.0,1.094
0.096,2.0,4.0,10.0,8.0,15.0,7.0,5.096
0.101,2.0,4.0,10.0,10.0,5.0,40.0,7.101
0.107,4.0,8.0,32.0,20.0,45.0,1.0,4.107
0.123,4.0,16.0,64.0,30.0,54.0,20.0,7.123
0.124,2.0,4.0,10.0,8.0,15.0,7.0,4.124
0.134,2.0,4.0,8.0,5.0,10.0,8.0,1.134
0.136,4.0,16.0,64.0,30.0,54.0,20.0,4.136
0.141,4.0,8.0,20.0,14.0,30.0,1.0,2.141
0.177,4.0,8.0,32.0,20.0,45.0,1.0,5.177
0.181,2.0,4.0,10.0,10.0,5.0,40.0,4.181
0.192,4.0,8.0,25.0,15.0,40.0,30.0,1.192
0.197,4.0,8.0,20.0,14.0,30.0,1.0,2.197
0.203,4.0,8.0,25.0,15.0,40.0,30.0,1.203
0.21,4.0,12.0,64.0,30.0,50.0,15.0,6.21
0.214,1.0,2.0,5.0,2.0,8.0,35.0,5.214
0.227,1.0,2.0,5.0,2.0,8.0,35.0,4.227
0.235,2.0,4.0,10.0,8.0,15.0,7.0,3.235
0.235,4.0,8.0,25.0,15.0,40.0,30.0,1.235
0.236,4.0,8.0,32.0,20.0,45.0,1.0,2.236
0.245,4.0,12.0,64.0,30.0,50.0,15.0,2.245
0.245,4.0,8.0,16.0,25.0,28.0,5.0,2.245
0.246,2.0,4.0,10.0,8.0,15.0,7.0,5.246
0.246,4.0,8.0,16.0,25.0,28.0,5.0,4.246
0.312,4.0,8.0,25.0,15.0,40.0,30.0,2.312
0.312,4.0,8.0,16.0,25.0,28.0,5.0,2.312
0.332,2.0,4.0,10.0,8.0,15.0,7.0,2.332
0.332,4.0,12.0,64.0,30.0,50.0,15.0,3.332
0.338,4.0,8.0,20.0,14.0,30.0,1.0,1.338
0.35,2.0,16.0,20.0,25.0,35.0,25.0,1.35
0.356,4.0,8.0,20.0,14.0,30.0,1.0,1.356
0.358,2.0,4.0,8.0,5.0,10.0,8.0,1.358
0.36,2.0,4.0,10.0,10.0,5.0,40.0,2.36
0.402,2.0,4.0,10.0,10.0,5.0,40.0,1.402
0.404,4.0,8.0,32.0,20.0,45.0,1.0,5.404
0.441,4.0,8.0,32.0,20.0,45.0,1.0,1.441
0.441,1.0,2.0,5.0,2.0,8.0,35.0,2.441
0.445,4.0,8.0,25.0,15.0,40.0,30.0,0.445
0.462,4.0,4.0,16.0,20.0,25.0,2.0,0.462
0.466,2.0,4.0,8.0,5.0,10.0,8.0,1.466
0.466,2.0,4.0,8.0,5.0,10.0,8.0,1.466
0.486,4.0,12.0,64.0,30.0,50.0,15.0,1.486
0.493,1.0,2.0,5.0,2.0,8.0,35.0,6.493
0.499,2.0,4.0,10.0,8.0,15.0,7.0,2.499
0.506,4.0,12.0,64.0,30.0,50.0,15.0,2.506
0.507,2.0,4.0,10.0,8.0,15.0,7.0,3.507
0.512,2.0,16.0,20.0,25.0,35.0,25.0,1.512
0.516,4.0,8.0,32.0,20.0,45.0,1.0,3.516
0.524,4.0,8.0,20.0,14.0,30.0,1.0,3.524
0.532,2.0,16.0,20.0,25.0,35.0,25.0,3.532
0.534,2.0,4.0,10.0,8.0,15.0,7.0,2.534
0.54,4.0,8.0,16.0,25.0,28.0,5.0,11.54
0.549,2.0,4.0,8.0,5.0,10.0,8.0,3.549
0.579,1.0,2.0,5.0,2.0,8.0,35.0,4.579
0.583,2.0,4.0,10.0,8.0,15.0,7.0,4.583
0.589,2.0,4.0,10.0,8.0,15.0,7.0,4.589
0.615,4.0,12.0,64.0,30.0,50.0,15.0,6.615
0.619,4.0,4.0,16.0,20.0,25.0,2.0,1.619
0.622,4.0,12.0,64.0,30.0,50.0,15.0,3.622
0.624,1.0,2.0,5.0,2.0,8.0,35.0,3.624
0.631,4.0,8.0,16.0,25.0,28.0,5.0,7.631
0.639,1.0,2.0,5.0,2.0,8.0,35.0,2.639
0.642,2.0,16.0,20.0,25.0,35.0,25.0,2.642
0.644,4.0,8.0,16.0,25.0,28.0,5.0,5.644
0.647,4.0,8.0,20.0,14.0,30.0,1.0,1.647
0.652,4.0,8.0,32.0,20.0,45.0,1.0,2.652
0.702,2.0,16.0,20.0,25.0,35.0,25.0,3.702
0.702,4.0,4.0,16.0,20.0,25.0,2.0,4.702
0.705,2.0,4.0,8.0,5.0,10.0,8.0,0.705
0.705,2.0,16.0,20.0,25.0,35.0,25.0,1.705
0.711,2.0,4.0,8.0,5.0,10.0,8.0,0.711
0.713,4.0,8.0,32.0,20.0,45.0,1.0,1.713
0.726,2.0,4.0,10.0,8.0,15.0,7.0,2.726
0.727,4.0,8.0,25.0,15.0,40.0,30.0,1.727
0.728,4.0,8.0,32.0,20.0,45.0,1.0,5.728
0.747,2.0,4.0,10.0,8.0,15.0,7.0,2.747
0.749,4.0,8.0,16.0,25.0,28.0,5.0,4.749
0.761,2.0,4.0,8.0,5.0,10.0,8.0,3.761
0.764,2.0,4.0,10.0,8.0,15.0,7.0,4.764
0.771,4.0,8.0,25.0,15.0,40.0,30.0,0.771
0.778,4.0,8.0,25.0,15.0,40.0,30.0,1.778
0.792,1.0,2.0,5.0,2.0,8.0,35.0,2.792
0.8,2.0,4.0,8.0,5.0,10.0,8.0,2.8
0.804,2.0,4.0,10.0,8.0,15.0,7.0,7.804
