ARRIVAL_REQUEST_@TIME,SLICE_MEC_CPU_REQUEST,SLICE_MEC_RAM_REQUEST,SLICE_MEC_STORAGE_REQUEST,SLICE_MEC_BW_REQUEST,SLICE_RAN_R_REQUEST,SLICE_RAN_L_REQUEST,SLICE_KILL_@TIME
0.051,2.0,4.0,10.0,10.0,5.0,40.0,9.051
0.073,2.0,4.0,10.0,10.0,5.0,40.0,7.073
0.083,2.0,16.0,20.0,25.0,35.0,25.0,2.083
0.09,4.0,8.0,16.0,25.0,28.0,5.0,6.09
0.124,4.0,8.0,16.0,25.0,28.0,5.0,14.124
0.162,2.0,16.0,20.0,25.0,35.0,25.0,4.162
0.19,1.0,2.0,5.0,2.0,8.0,35.0,5.19
0.274,4.0,8.0,20.0,14.0,30.0,1.0,6.274
0.317,1.0,2.0,5.0,2.0,8.0,35.0,13.317
0.341,1.0,2.0,5.0,2.0,8.0,35.0,4.341
0.376,1.0,2.0,5.0,2.0,8.0,35.0,9.376
0.461,4.0,8.0,16.0,25.0,28.0,5.0,7.461
0.485,4.0,12.0,64.0,30.0,50.0,15.0,7.485
0.518,4.0,4.0,16.0,20.0,25.0,2.0,5.518
0.567,2.0,4.0,8.0,5.0,10.0,8.0,1.567
0.603,4.0,8.0,25.0,15.0,40.0,30.0,3.603
0.644,2.0,16.0,20.0,25.0,35.0,25.0,11.644
0.674,4.0,4.0,16.0,20.0,25.0,2.0,14.674
0.694,4.0,12.0,64.0,30.0,50.0,15.0,3.694
0.716,2.0,4.0,10.0,10.0,5.0,40.0,10.716
0.739,1.0,2.0,5.0,2.0,8.0,35.0,8.739
0.757,4.0,8.0,16.0,25.0,28.0,5.0,12.757
0.773,4.0,8.0,20.0,14.0,30.0,1.0,3.773
0.796,2.0,4.0,10.0,8.0,15.0,7.0,11.796
0.862,2.0,4.0,10.0,8.0,15.0,7.0,8.862
0.873,4.0,8.0,20.0,14.0,30.0,1.0,4.873
0.898,2.0,16.0,20.0,25.0,35.0,25.0,6.898
0.913,4.0,12.0,64.0,30.0,50.0,15.0,11.913
0.952,2.0,16.0,20.0,25.0,35.0,25.0,11.952
1.001,2.0,4.0,10.0,8.0,15.0,7.0,14.001
1.06,4.0,8.0,20.0,14.0,30.0,1.0,7.06
1.081,4.0,8.0,25.0,15.0,40.0,30.0,3.081
1.095,4.0,8.0,20.0,14.0,30.0,1.0,2.095
1.101,1.0,2.0,5.0,2.0,8.0,35.0,13.101
1.166,2.0,16.0,20.0,25.0,35.0,25.0,8.166
1.176,2.0,4.0,10.0,8.0,15.0,7.0,18.176
1.179,4.0,8.0,25.0,15.0,40.0,30.0,5.179
1.184,4.0,4.0,16.0,20.0,25.0,2.0,11.184
1.188,1.0,2.0,5.0,2.0,8.0,35.0,8.188
1.242,2.0,4.0,10.0,10.0,5.0,40.0,9.242
1.263,4.0,8.0,20.0,14.0,30.0,1.0,4.263
1.291,2.0,16.0,20.0,25.0,35.0,25.0,7.291
1.3,1.0,2.0,5.0,2.0,8.0,35.0,7.3
1.315,4.0,12.0,64.0,30.0,50.0,15.0,7.315
1.439,4.0,8.0,20.0,14.0,30.0,1.0,3.439
1.464,1.0,2.0,5.0,2.0,8.0,35.0,14.464
1.474,4.0,8.0,32.0,20.0,45.0,1.0,12.474
1.48,1.0,2.0,5.0,2.0,8.0,35.0,10.48
1.526,4.0,8.0,16.0,25.0,28.0,5.0,7.526
1.528,4.0,4.0,16.0,20.0,25.0,2.0,7.528
1.699,2.0,4.0,8.0,5.0,10.0,8.0,4.699
1.721,4.0,8.0,25.0,15.0,40.0,30.0,4.721
1.752,4.0,4.0,16.0,20.0,25.0,2.0,13.752
1.763,2.0,4.0,10.0,8.0,15.0,7.0,10.763
1.86,4.0,12.0,64.0,30.0,50.0,15.0,8.86
1.876,2.0,4.0,10.0,10.0,5.0,40.0,10.876
1.877,2.0,4.0,10.0,10.0,5.0,40.0,10.877
1.883,4.0,8.0,20.0,14.0,30.0,1.0,5.883
1.9,4.0,8.0,25.0,15.0,40.0,30.0,6.9
1.901,1.0,2.0,5.0,2.0,8.0,35.0,8.901
1.918,2.0,4.0,10.0,8.0,15.0,7.0,7.918
1.955,4.0,16.0,64.0,30.0,54.0,20.0,6.955
1.97,4.0,16.0,64.0,30.0,54.0,20.0,7.97
1.97,2.0,16.0,20.0,25.0,35.0,25.0,7.97
2.018,2.0,4.0,10.0,10.0,5.0,40.0,12.018
2.036,4.0,8.0,25.0,15.0,40.0,30.0,5.036
2.054,2.0,4.0,10.0,10.0,5.0,40.0,13.054
2.054,2.0,4.0,10.0,10.0,5.0,40.0,14.054
2.107,4.0,8.0,16.0,25.0,28.0,5.0,8.107
2.131,4.0,4.0,16.0,20.0,25.0,2.0,7.131
2.166,4.0,8.0,16.0,25.0,28.0,5.0,17.166
2.197,4.0,8.0,20.0,14.0,30.0,1.0,3.197
2.229,4.0,8.0,20.0,14.0,30.0,1.0,5.229
2.253,2.0,4.0,10.0,10.0,5.0,40.0,22.253
2.264,2.0,4.0,8.0,5.0,10.0,8.0,4.264
2.326,4.0,16.0,64.0,30.0,54.0,20.0,20.326
2.345,4.0,8.0,20.0,14.0,30.0,1.0,5.345
2.39,1.0,2.0,5.0,2.0,8.0,35.0,12.39
2.393,4.0,4.0,16.0,20.0,25.0,2.0,20.393
2.491,4.0,12.0,64.0,30.0,50.0,15.0,5.491
2.514,4.0,8.0,25.0,15.0,40.0,30.0,4.514
2.588,4.0,4.0,16.0,20.0,25.0,2.0,13.588
2.628,4.0,4.0,16.0,20.0,25.0,2.0,13.628
2.64,4.0,16.0,64.0,30.0,54.0,20.0,11.64
2.658,4.0,8.0,25.0,15.0,40.0,30.0,4.658
2.692,2.0,4.0,10.0,10.0,5.0,40.0,10.692
2.708,2.0,4.0,10.0,8.0,15.0,7.0,15.708
2.73,2.0,4.0,8.0,5.0,10.0,8.0,3.73
2.783,2.0,16.0,20.0,25.0,35.0,25.0,2.783
2.803,2.0,4.0,8.0,5.0,10.0,8.0,3.803
2.915,2.0,4.0,8.0,5.0,10.0,8.0,2.915
2.929,4.0,8.0,25.0,15.0,40.0,30.0,3.929
2.936,4.0,8.0,16.0,25.0,28.0,5.0,14.936
2.938,4.0,8.0,25.0,15.0,40.0,30.0,6.938
2.973,4.0,4.0,16.0,20.0,25.0,2.0,7.973
3.002,2.0,4.0,8.0,5.0,10.0,8.0,3.002
3.022,1.0,2.0,5.0,2.0,8.0,35.0,9.022
3.086,2.0,4.0,10.0,8.0,15.0,7.0,12.086
3.1,4.0,8.0,25.0,15.0,40.0,30.0,8.1
3.13,4.0,8.0,25.0,15.0,40.0,30.0,8.13
