ARRIVAL_REQUEST_@TIME,SLICE_MEC_CPU_REQUEST,SLICE_MEC_RAM_REQUEST,SLICE_MEC_STORAGE_REQUEST,SLICE_MEC_BW_REQUEST,SLICE_RAN_R_REQUEST,SLICE_RAN_L_REQUEST,SLICE_KILL_@TIME
0.01,2.0,4.0,8.0,5.0,10.0,8.0,3.01
0.02,2.0,4.0,8.0,5.0,10.0,8.0,4.02
0.049,4.0,8.0,25.0,15.0,40.0,30.0,2.049
0.073,4.0,8.0,25.0,15.0,40.0,30.0,4.073
0.092,4.0,8.0,16.0,25.0,28.0,5.0,7.092
0.122,2.0,16.0,20.0,25.0,35.0,25.0,4.122
0.142,4.0,12.0,64.0,30.0,50.0,15.0,9.142
0.144,4.0,8.0,20.0,14.0,30.0,1.0,8.144
0.151,2.0,16.0,20.0,25.0,35.0,25.0,6.151
0.167,4.0,16.0,64.0,30.0,54.0,20.0,3.167
0.173,2.0,4.0,10.0,10.0,5.0,40.0,5.173
0.225,4.0,8.0,16.0,25.0,28.0,5.0,11.225
0.231,4.0,8.0,20.0,14.0,30.0,1.0,3.231
0.27,4.0,8.0,20.0,14.0,30.0,1.0,5.27
0.278,2.0,4.0,10.0,10.0,5.0,40.0,7.278
0.363,4.0,12.0,64.0,30.0,50.0,15.0,2.363
0.386,4.0,8.0,32.0,20.0,45.0,1.0,7.386
0.4,1.0,2.0,5.0,2.0,8.0,35.0,10.4
0.537,4.0,16.0,64.0,30.0,54.0,20.0,5.537
0.591,4.0,8.0,16.0,25.0,28.0,5.0,9.591
0.597,4.0,8.0,20.0,14.0,30.0,1.0,6.597
0.598,2.0,4.0,8.0,5.0,10.0,8.0,6.598
0.605,2.0,4.0,10.0,8.0,15.0,7.0,9.605
0.7,2.0,4.0,8.0,5.0,10.0,8.0,9.7
0.722,1.0,2.0,5.0,2.0,8.0,35.0,8.722
0.732,2.0,16.0,20.0,25.0,35.0,25.0,8.732
0.787,4.0,16.0,64.0,30.0,54.0,20.0,5.787
0.812,1.0,2.0,5.0,2.0,8.0,35.0,10.812
0.831,4.0,4.0,16.0,20.0,25.0,2.0,8.831
0.91,2.0,16.0,20.0,25.0,35.0,25.0,6.91
0.925,4.0,12.0,64.0,30.0,50.0,15.0,4.925
0.955,4.0,8.0,25.0,15.0,40.0,30.0,2.955
1.04,4.0,8.0,16.0,25.0,28.0,5.0,11.04
1.046,1.0,2.0,5.0,2.0,8.0,35.0,9.046
1.049,2.0,16.0,20.0,25.0,35.0,25.0,6.049
1.11,2.0,4.0,8.0,5.0,10.0,8.0,1.11
1.163,2.0,4.0,10.0,8.0,15.0,7.0,7.163
1.232,4.0,16.0,64.0,30.0,54.0,20.0,6.232
1.281,2.0,4.0,10.0,10.0,5.0,40.0,9.281
1.303,4.0,8.0,25.0,15.0,40.0,30.0,3.303
1.309,1.0,2.0,5.0,2.0,8.0,35.0,9.309
1.317,2.0,4.0,8.0,5.0,10.0,8.0,8.317
1.34,2.0,4.0,8.0,5.0,10.0,8.0,6.34
1.371,4.0,8.0,20.0,14.0,30.0,1.0,5.371
1.398,4.0,8.0,16.0,25.0,28.0,5.0,4.398
1.514,2.0,16.0,20.0,25.0,35.0,25.0,3.514
1.574,2.0,4.0,10.0,10.0,5.0,40.0,9.574
1.604,2.0,4.0,10.0,10.0,5.0,40.0,8.604
1.632,4.0,8.0,20.0,14.0,30.0,1.0,11.632
1.64,4.0,8.0,16.0,25.0,28.0,5.0,10.64
1.657,2.0,4.0,8.0,5.0,10.0,8.0,3.657
1.694,4.0,12.0,64.0,30.0,50.0,15.0,10.694
1.774,1.0,2.0,5.0,2.0,8.0,35.0,10.774
1.839,2.0,4.0,10.0,8.0,15.0,7.0,10.839
1.847,2.0,16.0,20.0,25.0,35.0,25.0,5.847
1.847,4.0,8.0,16.0,25.0,28.0,5.0,10.847
1.872,4.0,4.0,16.0,20.0,25.0,2.0,6.872
1.898,4.0,12.0,64.0,30.0,50.0,15.0,5.898
1.928,2.0,4.0,8.0,5.0,10.0,8.0,4.928
1.931,4.0,8.0,16.0,25.0,28.0,5.0,11.931
1.988,2.0,16.0,20.0,25.0,35.0,25.0,3.988
2.088,4.0,8.0,32.0,20.0,45.0,1.0,11.088
2.088,4.0,8.0,20.0,14.0,30.0,1.0,5.088
2.096,4.0,4.0,16.0,20.0,25.0,2.0,11.096
2.217,4.0,8.0,16.0,25.0,28.0,5.0,10.217
2.224,1.0,2.0,5.0,2.0,8.0,35.0,7.224
2.233,4.0,8.0,16.0,25.0,28.0,5.0,8.233
2.237,2.0,4.0,10.0,10.0,5.0,40.0,11.237
2.293,2.0,4.0,10.0,10.0,5.0,40.0,13.293
2.346,4.0,8.0,25.0,15.0,40.0,30.0,4.346
2.373,4.0,8.0,16.0,25.0,28.0,5.0,9.373
2.431,4.0,16.0,64.0,30.0,54.0,20.0,9.431
2.459,4.0,8.0,16.0,25.0,28.0,5.0,7.459
2.479,2.0,16.0,20.0,25.0,35.0,25.0,8.479
2.515,2.0,4.0,8.0,5.0,10.0,8.0,4.515
2.515,4.0,8.0,16.0,25.0,28.0,5.0,10.515
2.545,2.0,16.0,20.0,25.0,35.0,25.0,5.545
2.582,4.0,8.0,20.0,14.0,30.0,1.0,9.582
2.585,2.0,4.0,10.0,10.0,5.0,40.0,14.585
2.598,4.0,8.0,25.0,15.0,40.0,30.0,2.598
2.631,4.0,12.0,64.0,30.0,50.0,15.0,5.631
2.658,2.0,4.0,8.0,5.0,10.0,8.0,3.658
2.672,2.0,4.0,10.0,10.0,5.0,40.0,11.672
2.708,4.0,8.0,25.0,15.0,40.0,30.0,4.708
2.727,2.0,16.0,20.0,25.0,35.0,25.0,7.727
2.734,4.0,8.0,16.0,25.0,28.0,5.0,10.734
2.751,4.0,8.0,25.0,15.0,40.0,30.0,6.751
2.756,2.0,4.0,10.0,10.0,5.0,40.0,6.756
2.816,2.0,4.0,10.0,8.0,15.0,7.0,7.816
2.836,2.0,4.0,10.0,8.0,15.0,7.0,9.836
2.845,4.0,16.0,64.0,30.0,54.0,20.0,7.845
2.849,1.0,2.0,5.0,2.0,8.0,35.0,13.849
2.853,4.0,8.0,25.0,15.0,40.0,30.0,9.853
2.867,2.0,4.0,10.0,8.0,15.0,7.0,5.867
2.929,2.0,4.0,10.0,8.0,15.0,7.0,14.929
2.929,4.0,8.0,20.0,14.0,30.0,1.0,8.929
2.929,4.0,16.0,64.0,30.0,54.0,20.0,9.929
2.96,4.0,8.0,16.0,25.0,28.0,5.0,8.96
2.983,2.0,4.0,8.0,5.0,10.0,8.0,7.983
2.987,4.0,8.0,16.0,25.0,28.0,5.0,11.987
