ARRIVAL_REQUEST_@TIME,SLICE_MEC_CPU_REQUEST,SLICE_MEC_RAM_REQUEST,SLICE_MEC_STORAGE_REQUEST,SLICE_MEC_BW_REQUEST,SLICE_RAN_R_REQUEST,SLICE_RAN_L_REQUEST,SLICE_KILL_@TIME
0.005,4.0,16.0,64.0,30.0,54.0,20.0,5.005
0.048,4.0,8.0,16.0,25.0,28.0,5.0,16.048
0.075,4.0,8.0,32.0,20.0,45.0,1.0,7.075
0.097,1.0,2.0,5.0,2.0,8.0,35.0,10.097
0.106,4.0,12.0,64.0,30.0,50.0,15.0,7.106
0.161,4.0,16.0,64.0,30.0,54.0,20.0,6.161
0.166,4.0,8.0,20.0,14.0,30.0,1.0,4.166
0.182,2.0,16.0,20.0,25.0,35.0,25.0,4.182
0.183,1.0,2.0,5.0,2.0,8.0,35.0,8.183
0.191,2.0,4.0,10.0,8.0,15.0,7.0,3.191
0.2,4.0,16.0,64.0,30.0,54.0,20.0,13.2
0.288,2.0,16.0,20.0,25.0,35.0,25.0,3.288
0.304,2.0,4.0,10.0,10.0,5.0,40.0,5.304
0.31,2.0,4.0,10.0,8.0,15.0,7.0,11.31
0.345,4.0,4.0,16.0,20.0,25.0,2.0,7.345
0.353,1.0,2.0,5.0,2.0,8.0,35.0,11.353
0.36,4.0,12.0,64.0,30.0,50.0,15.0,11.36
0.378,4.0,16.0,64.0,30.0,54.0,20.0,10.378
0.383,1.0,2.0,5.0,2.0,8.0,35.0,10.383
0.386,1.0,2.0,5.0,2.0,8.0,35.0,7.386
0.393,4.0,8.0,25.0,15.0,40.0,30.0,3.393
0.443,2.0,4.0,8.0,5.0,10.0,8.0,2.443
0.474,4.0,8.0,25.0,15.0,40.0,30.0,1.474
0.493,2.0,4.0,8.0,5.0,10.0,8.0,2.493
0.517,2.0,4.0,10.0,8.0,15.0,7.0,15.517
0.526,4.0,4.0,16.0,20.0,25.0,2.0,6.526
0.534,2.0,4.0,8.0,5.0,10.0,8.0,4.534
0.542,4.0,16.0,64.0,30.0,54.0,20.0,3.542
0.561,4.0,8.0,25.0,15.0,40.0,30.0,5.561
0.572,2.0,16.0,20.0,25.0,35.0,25.0,6.572
0.623,4.0,8.0,25.0,15.0,40.0,30.0,4.623
0.648,4.0,8.0,20.0,14.0,30.0,1.0,3.648
0.723,4.0,8.0,25.0,15.0,40.0,30.0,1.723
0.724,1.0,2.0,5.0,2.0,8.0,35.0,4.724
0.727,4.0,8.0,20.0,14.0,30.0,1.0,3.727
0.733,4.0,16.0,64.0,30.0,54.0,20.0,11.733
0.75,4.0,8.0,32.0,20.0,45.0,1.0,8.75
0.801,4.0,8.0,25.0,15.0,40.0,30.0,4.801
0.883,4.0,12.0,64.0,30.0,50.0,15.0,6.883
0.915,2.0,4.0,10.0,10.0,5.0,40.0,15.915
0.945,4.0,8.0,16.0,25.0,28.0,5.0,8.945
0.966,2.0,4.0,10.0,10.0,5.0,40.0,15.966
0.97,2.0,16.0,20.0,25.0,35.0,25.0,7.97
1.013,2.0,16.0,20.0,25.0,35.0,25.0,7.013
1.015,2.0,16.0,20.0,25.0,35.0,25.0,6.015
1.065,4.0,8.0,25.0,15.0,40.0,30.0,8.065
1.104,4.0,8.0,20.0,14.0,30.0,1.0,5.104
1.112,4.0,16.0,64.0,30.0,54.0,20.0,7.112
1.158,2.0,16.0,20.0,25.0,35.0,25.0,4.158
1.179,4.0,8.0,25.0,15.0,40.0,30.0,4.179
1.304,4.0,8.0,25.0,15.0,40.0,30.0,5.304
1.314,1.0,2.0,5.0,2.0,8.0,35.0,12.314
1.396,2.0,4.0,10.0,10.0,5.0,40.0,9.396
1.415,2.0,16.0,20.0,25.0,35.0,25.0,7.415
1.487,2.0,4.0,10.0,8.0,15.0,7.0,10.487
1.497,4.0,8.0,25.0,15.0,40.0,30.0,7.497
1.498,4.0,8.0,20.0,14.0,30.0,1.0,8.498
1.585,4.0,8.0,25.0,15.0,40.0,30.0,2.585
1.603,4.0,8.0,16.0,25.0,28.0,5.0,11.603
1.604,2.0,16.0,20.0,25.0,35.0,25.0,7.604
1.629,2.0,4.0,10.0,8.0,15.0,7.0,18.629
1.637,4.0,8.0,32.0,20.0,45.0,1.0,7.637
1.658,2.0,4.0,10.0,10.0,5.0,40.0,9.658
1.662,4.0,8.0,25.0,15.0,40.0,30.0,3.662
1.693,4.0,8.0,16.0,25.0,28.0,5.0,9.693
1.72,2.0,16.0,20.0,25.0,35.0,25.0,5.72
1.723,2.0,16.0,20.0,25.0,35.0,25.0,8.723
1.727,4.0,8.0,16.0,25.0,28.0,5.0,10.727
1.752,4.0,8.0,25.0,15.0,40.0,30.0,7.752
1.826,2.0,4.0,10.0,10.0,5.0,40.0,17.826
1.845,1.0,2.0,5.0,2.0,8.0,35.0,6.845
1.848,2.0,4.0,8.0,5.0,10.0,8.0,1.848
1.881,4.0,8.0,16.0,25.0,28.0,5.0,13.881
1.918,4.0,8.0,16.0,25.0,28.0,5.0,13.918
1.964,4.0,8.0,16.0,25.0,28.0,5.0,15.964
1.978,4.0,4.0,16.0,20.0,25.0,2.0,5.978
1.989,4.0,8.0,25.0,15.0,40.0,30.0,6.989
1.992,2.0,4.0,10.0,10.0,5.0,40.0,8.992
2.022,2.0,16.0,20.0,25.0,35.0,25.0,3.022
2.04,4.0,8.0,25.0,15.0,40.0,30.0,3.04
2.077,4.0,8.0,32.0,20.0,45.0,1.0,7.077
2.09,1.0,2.0,5.0,2.0,8.0,35.0,17.09
2.099,4.0,8.0,16.0,25.0,28.0,5.0,16.099
2.116,4.0,8.0,20.0,14.0,30.0,1.0,5.116
2.126,4.0,8.0,16.0,25.0,28.0,5.0,12.126
2.149,2.0,4.0,10.0,8.0,15.0,7.0,9.149
2.175,4.0,8.0,32.0,20.0,45.0,1.0,8.175
2.214,4.0,4.0,16.0,20.0,25.0,2.0,18.214
2.275,4.0,8.0,25.0,15.0,40.0,30.0,5.275
2.305,4.0,4.0,16.0,20.0,25.0,2.0,9.305
2.325,1.0,2.0,5.0,2.0,8.0,35.0,14.325
2.39,1.0,2.0,5.0,2.0,8.0,35.0,11.39
2.402,4.0,8.0,20.0,14.0,30.0,1.0,4.402
2.411,2.0,4.0,10.0,8.0,15.0,7.0,11.411
2.422,2.0,16.0,20.0,25.0,35.0,25.0,7.422
2.5,2.0,4.0,8.0,5.0,10.0,8.0,5.5
2.54,4.0,8.0,32.0,20.0,45.0,1.0,10.54
2.617,2.0,4.0,8.0,5.0,10.0,8.0,4.617
2.685,4.0,12.0,64.0,30.0,50.0,15.0,12.685
2.719,2.0,4.0,8.0,5.0,10.0,8.0,8.719
