ARRIVAL_REQUEST_@TIME,SLICE_MEC_CPU_REQUEST,SLICE_MEC_RAM_REQUEST,SLICE_MEC_STORAGE_REQUEST,SLICE_MEC_BW_REQUEST,SLICE_RAN_R_REQUEST,SLICE_RAN_L_REQUEST,SLICE_KILL_@TIME
0.005,4.0,4.0,16.0,20.0,25.0,2.0,8.005
0.04,2.0,16.0,20.0,25.0,35.0,25.0,5.04
0.068,2.0,4.0,10.0,8.0,15.0,7.0,5.068
0.069,2.0,4.0,10.0,10.0,5.0,40.0,10.069
0.077,4.0,12.0,64.0,30.0,50.0,15.0,4.077
0.108,4.0,8.0,32.0,20.0,45.0,1.0,4.108
0.113,2.0,4.0,10.0,8.0,15.0,7.0,10.113
0.137,4.0,4.0,16.0,20.0,25.0,2.0,7.137
0.153,4.0,8.0,16.0,25.0,28.0,5.0,12.153
0.163,1.0,2.0,5.0,2.0,8.0,35.0,8.163
0.171,4.0,8.0,32.0,20.0,45.0,1.0,7.171
0.236,2.0,16.0,20.0,25.0,35.0,25.0,2.236
0.241,1.0,2.0,5.0,2.0,8.0,35.0,11.241
0.277,4.0,8.0,25.0,15.0,40.0,30.0,1.277
0.281,2.0,4.0,8.0,5.0,10.0,8.0,4.281
0.298,2.0,16.0,20.0,25.0,35.0,25.0,7.298
0.347,4.0,4.0,16.0,20.0,25.0,2.0,9.347
0.454,4.0,8.0,25.0,15.0,40.0,30.0,3.454
0.458,2.0,4.0,10.0,8.0,15.0,7.0,10.458
0.485,2.0,4.0,8.0,5.0,10.0,8.0,3.485
0.517,4.0,12.0,64.0,30.0,50.0,15.0,7.517
0.523,1.0,2.0,5.0,2.0,8.0,35.0,11.523
0.568,2.0,4.0,10.0,8.0,15.0,7.0,12.568
0.616,4.0,4.0,16.0,20.0,25.0,2.0,12.616
0.626,4.0,12.0,64.0,30.0,50.0,15.0,3.626
0.684,4.0,8.0,16.0,25.0,28.0,5.0,16.684
0.705,4.0,8.0,20.0,14.0,30.0,1.0,5.705
0.765,4.0,16.0,64.0,30.0,54.0,20.0,8.765
0.777,2.0,4.0,10.0,8.0,15.0,7.0,8.777
0.79,4.0,8.0,16.0,25.0,28.0,5.0,10.79
0.791,4.0,4.0,16.0,20.0,25.0,2.0,9.791
0.88,2.0,4.0,8.0,5.0,10.0,8.0,4.88
0.909,2.0,4.0,10.0,10.0,5.0,40.0,11.909
0.955,4.0,16.0,64.0,30.0,54.0,20.0,10.955
0.974,4.0,12.0,64.0,30.0,50.0,15.0,10.974
0.98,4.0,8.0,20.0,14.0,30.0,1.0,5.98
1.076,4.0,8.0,25.0,15.0,40.0,30.0,6.076
1.109,4.0,16.0,64.0,30.0,54.0,20.0,6.109
1.13,2.0,16.0,20.0,25.0,35.0,25.0,2.13
1.141,4.0,8.0,16.0,25.0,28.0,5.0,9.141
1.149,4.0,4.0,16.0,20.0,25.0,2.0,8.149
1.17,4.0,16.0,64.0,30.0,54.0,20.0,9.17
1.179,4.0,8.0,16.0,25.0,28.0,5.0,20.179
1.23,4.0,8.0,32.0,20.0,45.0,1.0,7.23
1.248,4.0,8.0,25.0,15.0,40.0,30.0,3.248
1.295,4.0,8.0,16.0,25.0,28.0,5.0,12.295
1.314,4.0,8.0,20.0,14.0,30.0,1.0,7.314
1.323,2.0,4.0,8.0,5.0,10.0,8.0,8.323
1.398,4.0,8.0,32.0,20.0,45.0,1.0,10.398
1.412,4.0,16.0,64.0,30.0,54.0,20.0,9.412
1.434,2.0,4.0,8.0,5.0,10.0,8.0,4.434
1.46,2.0,4.0,8.0,5.0,10.0,8.0,4.46
1.467,4.0,8.0,16.0,25.0,28.0,5.0,6.467
1.508,4.0,4.0,16.0,20.0,25.0,2.0,7.508
1.541,4.0,8.0,25.0,15.0,40.0,30.0,3.541
1.543,4.0,8.0,16.0,25.0,28.0,5.0,9.543
1.548,2.0,16.0,20.0,25.0,35.0,25.0,6.548
1.556,2.0,4.0,10.0,8.0,15.0,7.0,8.556
1.589,4.0,8.0,20.0,14.0,30.0,1.0,7.589
1.635,4.0,8.0,32.0,20.0,45.0,1.0,6.635
1.637,4.0,8.0,20.0,14.0,30.0,1.0,5.637
1.653,4.0,8.0,20.0,14.0,30.0,1.0,5.653
1.662,4.0,8.0,16.0,25.0,28.0,5.0,10.662
1.667,4.0,8.0,20.0,14.0,30.0,1.0,3.667
1.719,1.0,2.0,5.0,2.0,8.0,35.0,14.719
1.763,4.0,8.0,16.0,25.0,28.0,5.0,12.763
1.766,2.0,4.0,10.0,8.0,15.0,7.0,8.766
1.803,2.0,4.0,10.0,8.0,15.0,7.0,12.803
1.805,4.0,8.0,16.0,25.0,28.0,5.0,13.805
1.817,2.0,4.0,10.0,8.0,15.0,7.0,10.817
1.858,4.0,12.0,64.0,30.0,50.0,15.0,8.858
1.869,1.0,2.0,5.0,2.0,8.0,35.0,7.869
1.909,4.0,8.0,25.0,15.0,40.0,30.0,3.909
1.916,2.0,4.0,10.0,10.0,5.0,40.0,13.916
1.934,2.0,4.0,10.0,8.0,15.0,7.0,9.934
1.963,2.0,4.0,8.0,5.0,10.0,8.0,3.963
1.976,2.0,16.0,20.0,25.0,35.0,25.0,6.976
1.987,4.0,8.0,20.0,14.0,30.0,1.0,8.987
2.043,2.0,4.0,10.0,10.0,5.0,40.0,15.043
2.066,4.0,8.0,16.0,25.0,28.0,5.0,5.066
2.095,2.0,4.0,8.0,5.0,10.0,8.0,5.095
2.112,1.0,2.0,5.0,2.0,8.0,35.0,10.112
2.137,2.0,4.0,10.0,10.0,5.0,40.0,13.137
2.144,4.0,4.0,16.0,20.0,25.0,2.0,6.144
2.225,2.0,4.0,8.0,5.0,10.0,8.0,6.225
2.239,2.0,4.0,10.0,10.0,5.0,40.0,9.239
2.243,4.0,8.0,20.0,14.0,30.0,1.0,8.243
2.282,1.0,2.0,5.0,2.0,8.0,35.0,15.282
2.308,4.0,16.0,64.0,30.0,54.0,20.0,5.308
2.341,2.0,16.0,20.0,25.0,35.0,25.0,7.341
2.348,2.0,4.0,10.0,8.0,15.0,7.0,7.348
2.354,4.0,8.0,20.0,14.0,30.0,1.0,5.354
2.365,2.0,4.0,8.0,5.0,10.0,8.0,3.365
2.369,4.0,12.0,64.0,30.0,50.0,15.0,11.369
2.386,2.0,4.0,10.0,10.0,5.0,40.0,11.386
2.41,4.0,16.0,64.0,30.0,54.0,20.0,11.41
2.438,2.0,4.0,8.0,5.0,10.0,8.0,4.438
2.527,4.0,4.0,16.0,20.0,25.0,2.0,10.527
2.561,4.0,8.0,20.0,14.0,30.0,1.0,9.561
2.571,2.0,4.0,8.0,5.0,10.0,8.0,6.571
