ARRIVAL_REQUEST_@TIME,SLICE_MEC_CPU_REQUEST,SLICE_MEC_RAM_REQUEST,SLICE_MEC_STORAGE_REQUEST,SLICE_MEC_BW_REQUEST,SLICE_RAN_R_REQUEST,SLICE_RAN_L_REQUEST,SLICE_KILL_@TIME
0.02,1.0,2.0,5.0,2.0,8.0,35.0,8.02
0.034,4.0,12.0,64.0,30.0,50.0,15.0,10.034
0.034,4.0,8.0,16.0,25.0,28.0,5.0,8.034
0.05,2.0,4.0,10.0,10.0,5.0,40.0,13.05
0.054,1.0,2.0,5.0,2.0,8.0,35.0,9.054
0.125,4.0,8.0,32.0,20.0,45.0,1.0,8.125
0.146,4.0,8.0,32.0,20.0,45.0,1.0,7.146
0.161,2.0,4.0,10.0,8.0,15.0,7.0,9.161
0.17,4.0,12.0,64.0,30.0,50.0,15.0,5.17
0.173,4.0,8.0,16.0,25.0,28.0,5.0,9.173
0.214,2.0,4.0,8.0,5.0,10.0,8.0,2.214
0.224,2.0,4.0,10.0,8.0,15.0,7.0,14.224
0.254,4.0,16.0,64.0,30.0,54.0,20.0,10.254
0.262,2.0,16.0,20.0,25.0,35.0,25.0,5.262
0.262,4.0,8.0,25.0,15.0,40.0,30.0,1.262
0.298,4.0,8.0,16.0,25.0,28.0,5.0,14.298
0.307,4.0,8.0,16.0,25.0,28.0,5.0,13.307
0.327,4.0,4.0,16.0,20.0,25.0,2.0,4.327
0.363,4.0,8.0,16.0,25.0,28.0,5.0,5.363
0.381,4.0,8.0,20.0,14.0,30.0,1.0,6.381
0.435,4.0,12.0,64.0,30.0,50.0,15.0,13.435
0.442,4.0,8.0,25.0,15.0,40.0,30.0,5.442
0.446,1.0,2.0,5.0,2.0,8.0,35.0,6.446
0.47,1.0,2.0,5.0,2.0,8.0,35.0,9.47
0.536,2.0,4.0,8.0,5.0,10.0,8.0,2.536
0.547,4.0,16.0,64.0,30.0,54.0,20.0,5.547
0.554,2.0,4.0,10.0,10.0,5.0,40.0,13.554
0.578,4.0,12.0,64.0,30.0,50.0,15.0,10.578
0.594,2.0,4.0,8.0,5.0,10.0,8.0,2.594
0.602,4.0,8.0,16.0,25.0,28.0,5.0,11.602
0.606,2.0,4.0,8.0,5.0,10.0,8.0,1.606
0.638,2.0,4.0,8.0,5.0,10.0,8.0,0.638
0.646,2.0,4.0,8.0,5.0,10.0,8.0,5.646
0.656,4.0,16.0,64.0,30.0,54.0,20.0,8.656
0.734,2.0,4.0,10.0,10.0,5.0,40.0,15.734
0.786,2.0,4.0,8.0,5.0,10.0,8.0,5.786
0.8,1.0,2.0,5.0,2.0,8.0,35.0,12.8
0.802,4.0,8.0,25.0,15.0,40.0,30.0,5.802
0.85,2.0,4.0,10.0,10.0,5.0,40.0,8.85
0.889,2.0,16.0,20.0,25.0,35.0,25.0,8.889
0.89,4.0,8.0,32.0,20.0,45.0,1.0,5.89
0.898,2.0,4.0,10.0,10.0,5.0,40.0,8.898
0.91,1.0,2.0,5.0,2.0,8.0,35.0,10.91
0.922,2.0,4.0,8.0,5.0,10.0,8.0,2.922
0.999,4.0,12.0,64.0,30.0,50.0,15.0,13.999
1.009,2.0,4.0,8.0,5.0,10.0,8.0,5.009
1.047,1.0,2.0,5.0,2.0,8.0,35.0,9.047
1.079,2.0,4.0,10.0,10.0,5.0,40.0,11.079
1.114,2.0,4.0,10.0,8.0,15.0,7.0,11.114
1.116,4.0,12.0,64.0,30.0,50.0,15.0,3.116
1.146,2.0,4.0,8.0,5.0,10.0,8.0,5.146
1.182,2.0,4.0,10.0,10.0,5.0,40.0,17.182
1.193,4.0,16.0,64.0,30.0,54.0,20.0,8.193
1.24,4.0,8.0,16.0,25.0,28.0,5.0,5.24
1.25,2.0,16.0,20.0,25.0,35.0,25.0,7.25
1.251,2.0,4.0,10.0,10.0,5.0,40.0,11.251
1.255,4.0,12.0,64.0,30.0,50.0,15.0,15.255
1.285,2.0,4.0,8.0,5.0,10.0,8.0,3.285
1.35,4.0,16.0,64.0,30.0,54.0,20.0,14.35
1.353,4.0,8.0,20.0,14.0,30.0,1.0,5.353
1.36,2.0,4.0,10.0,10.0,5.0,40.0,9.36
1.45,2.0,4.0,10.0,10.0,5.0,40.0,11.45
1.508,4.0,8.0,20.0,14.0,30.0,1.0,5.508
1.566,4.0,8.0,20.0,14.0,30.0,1.0,7.566
1.576,4.0,8.0,32.0,20.0,45.0,1.0,5.576
1.609,4.0,12.0,64.0,30.0,50.0,15.0,8.609
1.644,1.0,2.0,5.0,2.0,8.0,35.0,22.644
1.692,4.0,8.0,20.0,14.0,30.0,1.0,4.692
1.711,2.0,4.0,8.0,5.0,10.0,8.0,5.711
1.729,2.0,4.0,10.0,8.0,15.0,7.0,7.729
1.742,2.0,4.0,10.0,8.0,15.0,7.0,11.742
1.784,2.0,4.0,10.0,10.0,5.0,40.0,13.784
1.845,1.0,2.0,5.0,2.0,8.0,35.0,8.845
1.864,2.0,4.0,10.0,10.0,5.0,40.0,11.864
1.88,2.0,4.0,10.0,8.0,15.0,7.0,13.88
1.953,2.0,16.0,20.0,25.0,35.0,25.0,7.953
2.001,2.0,4.0,10.0,10.0,5.0,40.0,15.001
2.019,2.0,4.0,8.0,5.0,10.0,8.0,6.019
2.048,4.0,4.0,16.0,20.0,25.0,2.0,16.048
2.102,4.0,12.0,64.0,30.0,50.0,15.0,9.102
2.106,4.0,8.0,16.0,25.0,28.0,5.0,12.106
2.113,2.0,16.0,20.0,25.0,35.0,25.0,9.113
2.14,1.0,2.0,5.0,2.0,8.0,35.0,15.14
2.152,4.0,8.0,25.0,15.0,40.0,30.0,7.152
2.17,4.0,4.0,16.0,20.0,25.0,2.0,7.17
2.193,4.0,8.0,16.0,25.0,28.0,5.0,4.193
2.197,4.0,8.0,25.0,15.0,40.0,30.0,6.197
2.245,2.0,4.0,10.0,8.0,15.0,7.0,12.245
2.268,2.0,4.0,8.0,5.0,10.0,8.0,4.268
2.298,4.0,8.0,16.0,25.0,28.0,5.0,10.298
2.304,4.0,8.0,20.0,14.0,30.0,1.0,7.304
2.307,4.0,8.0,20.0,14.0,30.0,1.0,7.307
2.351,4.0,8.0,20.0,14.0,30.0,1.0,8.351
2.392,2.0,4.0,10.0,8.0,15.0,7.0,9.392
2.415,2.0,4.0,10.0,10.0,5.0,40.0,5.415
2.423,2.0,16.0,20.0,25.0,35.0,25.0,6.423
2.523,4.0,8.0,25.0,15.0,40.0,30.0,6.523
2.541,4.0,8.0,25.0,15.0,40.0,30.0,7.541
2.553,4.0,8.0,16.0,25.0,28.0,5.0,8.553
2.566,4.0,8.0,20.0,14.0,30.0,1.0,3.566
