ARRIVAL_REQUEST_@TIME,SLICE_MEC_CPU_REQUEST,SLICE_MEC_RAM_REQUEST,SLICE_MEC_STORAGE_REQUEST,SLICE_MEC_BW_REQUEST,SLICE_RAN_R_REQUEST,SLICE_RAN_L_REQUEST,SLICE_KILL_@TIME
0.004,4.0,16.0,64.0,30.0,54.0,20.0,6.004
0.028,2.0,4.0,10.0,10.0,5.0,40.0,9.028
0.039,4.0,8.0,16.0,25.0,28.0,5.0,7.039
0.071,4.0,8.0,25.0,15.0,40.0,30.0,2.071
0.072,2.0,16.0,20.0,25.0,35.0,25.0,2.072
0.08,2.0,4.0,8.0,5.0,10.0,8.0,4.08
0.09,2.0,4.0,10.0,10.0,5.0,40.0,13.09
0.114,4.0,8.0,20.0,14.0,30.0,1.0,5.114
0.182,4.0,8.0,20.0,14.0,30.0,1.0,1.182
0.21,4.0,8.0,25.0,15.0,40.0,30.0,3.21
0.226,4.0,4.0,16.0,20.0,25.0,2.0,7.226
0.278,1.0,2.0,5.0,2.0,8.0,35.0,13.278
0.288,1.0,2.0,5.0,2.0,8.0,35.0,15.288
0.303,4.0,4.0,16.0,20.0,25.0,2.0,11.303
0.308,4.0,12.0,64.0,30.0,50.0,15.0,9.308
0.325,4.0,8.0,32.0,20.0,45.0,1.0,10.325
0.375,2.0,4.0,8.0,5.0,10.0,8.0,1.375
0.403,2.0,4.0,10.0,10.0,5.0,40.0,15.403
0.408,4.0,8.0,25.0,15.0,40.0,30.0,1.408
0.42,4.0,8.0,20.0,14.0,30.0,1.0,2.42
0.525,4.0,8.0,25.0,15.0,40.0,30.0,1.525
0.573,4.0,8.0,20.0,14.0,30.0,1.0,4.573
0.573,4.0,8.0,20.0,14.0,30.0,1.0,4.573
0.652,2.0,4.0,10.0,10.0,5.0,40.0,13.652
0.675,2.0,16.0,20.0,25.0,35.0,25.0,2.675
0.697,1.0,2.0,5.0,2.0,8.0,35.0,13.697
0.721,2.0,4.0,10.0,10.0,5.0,40.0,6.721
0.75,2.0,4.0,8.0,5.0,10.0,8.0,5.75
0.823,2.0,4.0,8.0,5.0,10.0,8.0,7.823
0.827,2.0,16.0,20.0,25.0,35.0,25.0,6.827
0.843,1.0,2.0,5.0,2.0,8.0,35.0,12.843
0.85,4.0,8.0,20.0,14.0,30.0,1.0,6.85
0.851,4.0,12.0,64.0,30.0,50.0,15.0,6.851
0.871,2.0,16.0,20.0,25.0,35.0,25.0,3.871
0.876,2.0,4.0,8.0,5.0,10.0,8.0,6.876
0.9,2.0,4.0,8.0,5.0,10.0,8.0,2.9
0.947,2.0,4.0,10.0,8.0,15.0,7.0,13.947
1.038,4.0,8.0,25.0,15.0,40.0,30.0,4.038
1.044,2.0,4.0,10.0,10.0,5.0,40.0,16.044
1.081,4.0,8.0,25.0,15.0,40.0,30.0,5.081
1.148,4.0,12.0,64.0,30.0,50.0,15.0,15.148
1.15,4.0,8.0,32.0,20.0,45.0,1.0,9.15
1.287,4.0,8.0,25.0,15.0,40.0,30.0,2.287
1.289,4.0,4.0,16.0,20.0,25.0,2.0,10.289
1.31,2.0,4.0,8.0,5.0,10.0,8.0,5.31
1.324,4.0,16.0,64.0,30.0,54.0,20.0,13.324
1.327,4.0,8.0,16.0,25.0,28.0,5.0,11.327
1.376,4.0,16.0,64.0,30.0,54.0,20.0,11.376
1.4,2.0,4.0,10.0,8.0,15.0,7.0,16.4
1.415,2.0,4.0,10.0,10.0,5.0,40.0,8.415
1.431,2.0,4.0,10.0,8.0,15.0,7.0,18.431
1.465,4.0,8.0,25.0,15.0,40.0,30.0,3.465
1.473,2.0,4.0,10.0,8.0,15.0,7.0,11.473
1.488,2.0,4.0,8.0,5.0,10.0,8.0,2.488
1.499,4.0,8.0,32.0,20.0,45.0,1.0,11.499
1.501,2.0,4.0,8.0,5.0,10.0,8.0,6.501
1.551,4.0,8.0,32.0,20.0,45.0,1.0,11.551
1.571,4.0,8.0,16.0,25.0,28.0,5.0,8.571
1.63,2.0,4.0,10.0,10.0,5.0,40.0,10.63
1.633,4.0,8.0,25.0,15.0,40.0,30.0,2.633
1.683,4.0,8.0,25.0,15.0,40.0,30.0,4.683
1.716,2.0,4.0,8.0,5.0,10.0,8.0,2.716
1.721,4.0,12.0,64.0,30.0,50.0,15.0,16.721
1.738,4.0,8.0,25.0,15.0,40.0,30.0,7.738
1.798,1.0,2.0,5.0,2.0,8.0,35.0,19.798
1.809,4.0,12.0,64.0,30.0,50.0,15.0,12.809
1.836,4.0,4.0,16.0,20.0,25.0,2.0,16.836
1.838,4.0,8.0,25.0,15.0,40.0,30.0,3.838
1.906,1.0,2.0,5.0,2.0,8.0,35.0,12.906
1.92,4.0,4.0,16.0,20.0,25.0,2.0,7.92
1.955,2.0,4.0,10.0,10.0,5.0,40.0,6.955
1.955,2.0,4.0,10.0,10.0,5.0,40.0,12.955
1.958,2.0,4.0,10.0,8.0,15.0,7.0,16.958
1.961,4.0,4.0,16.0,20.0,25.0,2.0,9.961
1.962,4.0,16.0,64.0,30.0,54.0,20.0,9.962
1.969,4.0,4.0,16.0,20.0,25.0,2.0,11.969
1.992,4.0,8.0,32.0,20.0,45.0,1.0,10.992
2.033,4.0,8.0,25.0,15.0,40.0,30.0,6.033
2.051,2.0,4.0,10.0,8.0,15.0,7.0,18.051
2.156,4.0,16.0,64.0,30.0,54.0,20.0,7.156
2.161,4.0,8.0,20.0,14.0,30.0,1.0,6.161
2.164,1.0,2.0,5.0,2.0,8.0,35.0,9.164
2.17,1.0,2.0,5.0,2.0,8.0,35.0,17.17
2.185,4.0,8.0,20.0,14.0,30.0,1.0,10.185
2.191,2.0,4.0,8.0,5.0,10.0,8.0,3.191
2.209,2.0,4.0,10.0,8.0,15.0,7.0,16.209
2.258,2.0,16.0,20.0,25.0,35.0,25.0,7.258
2.279,4.0,16.0,64.0,30.0,54.0,20.0,9.279
2.303,2.0,4.0,10.0,8.0,15.0,7.0,11.303
2.338,2.0,4.0,10.0,8.0,15.0,7.0,9.338
2.387,4.0,8.0,20.0,14.0,30.0,1.0,7.387
2.396,4.0,8.0,20.0,14.0,30.0,1.0,7.396
2.398,4.0,16.0,64.0,30.0,54.0,20.0,14.398
2.403,2.0,16.0,20.0,25.0,35.0,25.0,10.403
2.427,4.0,8.0,16.0,25.0,28.0,5.0,14.427
2.442,4.0,8.0,20.0,14.0,30.0,1.0,8.442
2.455,2.0,4.0,10.0,10.0,5.0,40.0,10.455
2.476,4.0,8.0,25.0,15.0,40.0,30.0,2.476
2.497,4.0,12.0,64.0,30.0,50.0,15.0,10.497
2.503,4.0,8.0,16.0,25.0,28.0,5.0,10.503
