ARRIVAL_REQUEST_@TIME,SLICE_MEC_CPU_REQUEST,SLICE_MEC_RAM_REQUEST,SLICE_MEC_STORAGE_REQUEST,SLICE_MEC_BW_REQUEST,SLICE_RAN_R_REQUEST,SLICE_RAN_L_REQUEST,SLICE_KILL_@TIME
0.011,4.0,8.0,25.0,15.0,40.0,30.0,2.011
0.023,2.0,4.0,8.0,5.0,10.0,8.0,0.023
0.077,2.0,16.0,20.0,25.0,35.0,25.0,5.077
0.082,4.0,16.0,64.0,30.0,54.0,20.0,4.082
0.09,4.0,8.0,16.0,25.0,28.0,5.0,4.09
0.092,2.0,4.0,10.0,10.0,5.0,40.0,7.092
0.098,4.0,4.0,16.0,20.0,25.0,2.0,4.098
0.109,2.0,16.0,20.0,25.0,35.0,25.0,1.109
0.117,4.0,12.0,64.0,30.0,50.0,15.0,4.117
0.122,4.0,8.0,16.0,25.0,28.0,5.0,4.122
0.132,4.0,8.0,20.0,14.0,30.0,1.0,5.132
0.162,4.0,8.0,25.0,15.0,40.0,30.0,1.162
0.172,4.0,16.0,64.0,30.0,54.0,20.0,6.172
0.176,4.0,12.0,64.0,30.0,50.0,15.0,2.176
0.215,4.0,8.0,25.0,15.0,40.0,30.0,3.215
0.215,4.0,8.0,25.0,15.0,40.0,30.0,1.215
0.217,2.0,16.0,20.0,25.0,35.0,25.0,2.217
0.225,1.0,2.0,5.0,2.0,8.0,35.0,3.225
0.233,2.0,16.0,20.0,25.0,35.0,25.0,6.233
0.266,4.0,8.0,16.0,25.0,28.0,5.0,5.266
0.28,2.0,4.0,10.0,10.0,5.0,40.0,4.28
0.281,2.0,16.0,20.0,25.0,35.0,25.0,4.281
0.335,2.0,4.0,10.0,10.0,5.0,40.0,2.335
0.341,4.0,4.0,16.0,20.0,25.0,2.0,5.341
0.346,4.0,8.0,20.0,14.0,30.0,1.0,3.346
0.421,4.0,12.0,64.0,30.0,50.0,15.0,4.421
0.463,2.0,4.0,10.0,10.0,5.0,40.0,7.463
0.465,2.0,4.0,10.0,8.0,15.0,7.0,6.465
0.465,4.0,16.0,64.0,30.0,54.0,20.0,6.465
0.469,4.0,8.0,20.0,14.0,30.0,1.0,2.469
0.477,1.0,2.0,5.0,2.0,8.0,35.0,6.477
0.491,4.0,16.0,64.0,30.0,54.0,20.0,5.491
0.503,4.0,8.0,32.0,20.0,45.0,1.0,6.503
0.509,2.0,4.0,8.0,5.0,10.0,8.0,1.509
0.519,4.0,12.0,64.0,30.0,50.0,15.0,6.519
0.523,4.0,8.0,25.0,15.0,40.0,30.0,2.523
0.535,4.0,4.0,16.0,20.0,25.0,2.0,5.535
0.575,2.0,16.0,20.0,25.0,35.0,25.0,2.575
0.581,4.0,8.0,20.0,14.0,30.0,1.0,4.581
0.585,2.0,4.0,10.0,8.0,15.0,7.0,5.585
0.681,4.0,8.0,25.0,15.0,40.0,30.0,1.681
0.697,4.0,8.0,20.0,14.0,30.0,1.0,0.697
0.704,2.0,4.0,8.0,5.0,10.0,8.0,3.704
0.718,4.0,4.0,16.0,20.0,25.0,2.0,4.718
0.724,1.0,2.0,5.0,2.0,8.0,35.0,4.724
0.725,2.0,4.0,10.0,8.0,15.0,7.0,2.725
0.737,2.0,4.0,10.0,8.0,15.0,7.0,10.737
0.743,4.0,8.0,20.0,14.0,30.0,1.0,3.743
0.746,1.0,2.0,5.0,2.0,8.0,35.0,7.746
0.766,4.0,12.0,64.0,30.0,50.0,15.0,3.766
0.768,4.0,8.0,32.0,20.0,45.0,1.0,4.768
0.795,4.0,8.0,25.0,15.0,40.0,30.0,0.795
0.802,4.0,16.0,64.0,30.0,54.0,20.0,4.802
0.804,4.0,8.0,16.0,25.0,28.0,5.0,2.804
0.81,2.0,4.0,10.0,10.0,5.0,40.0,9.81
0.817,2.0,16.0,20.0,25.0,35.0,25.0,3.817
0.837,4.0,8.0,25.0,15.0,40.0,30.0,3.837
0.898,4.0,16.0,64.0,30.0,54.0,20.0,5.898
0.917,2.0,4.0,10.0,8.0,15.0,7.0,6.917
0.92,2.0,16.0,20.0,25.0,35.0,25.0,1.92
0.923,2.0,4.0,8.0,5.0,10.0,8.0,1.923
0.942,2.0,16.0,20.0,25.0,35.0,25.0,2.942
1.046,2.0,4.0,10.0,10.0,5.0,40.0,2.046
1.047,4.0,16.0,64.0,30.0,54.0,20.0,2.047
1.063,2.0,4.0,8.0,5.0,10.0,8.0,3.063
1.069,4.0,8.0,20.0,14.0,30.0,1.0,4.069
1.081,4.0,12.0,64.0,30.0,50.0,15.0,7.081
1.091,1.0,2.0,5.0,2.0,8.0,35.0,4.091
1.091,4.0,8.0,16.0,25.0,28.0,5.0,3.091
1.092,2.0,4.0,10.0,10.0,5.0,40.0,6.092
1.109,4.0,16.0,64.0,30.0,54.0,20.0,3.109
1.117,4.0,8.0,25.0,15.0,40.0,30.0,3.117
1.128,4.0,4.0,16.0,20.0,25.0,2.0,6.128
1.129,4.0,8.0,16.0,25.0,28.0,5.0,7.129
1.187,2.0,4.0,8.0,5.0,10.0,8.0,3.187
1.205,4.0,12.0,64.0,30.0,50.0,15.0,2.205
1.242,4.0,8.0,16.0,25.0,28.0,5.0,5.242
1.242,4.0,8.0,16.0,25.0,28.0,5.0,3.242
1.266,1.0,2.0,5.0,2.0,8.0,35.0,6.266
1.275,4.0,8.0,20.0,14.0,30.0,1.0,2.275
1.278,2.0,4.0,10.0,8.0,15.0,7.0,6.278
1.3,2.0,16.0,20.0,25.0,35.0,25.0,4.3
1.306,1.0,2.0,5.0,2.0,8.0,35.0,3.306
1.317,2.0,4.0,8.0,5.0,10.0,8.0,2.317
1.338,2.0,4.0,8.0,5.0,10.0,8.0,1.338
1.345,4.0,16.0,64.0,30.0,54.0,20.0,3.345
1.349,2.0,4.0,10.0,10.0,5.0,40.0,4.349
1.378,4.0,8.0,20.0,14.0,30.0,1.0,6.378
1.395,4.0,8.0,20.0,14.0,30.0,1.0,3.395
1.396,4.0,8.0,20.0,14.0,30.0,1.0,5.396
1.426,2.0,4.0,10.0,8.0,15.0,7.0,5.426
1.428,2.0,4.0,10.0,8.0,15.0,7.0,9.428
1.433,4.0,4.0,16.0,20.0,25.0,2.0,6.433
1.453,2.0,4.0,10.0,10.0,5.0,40.0,6.453
1.462,4.0,8.0,20.0,14.0,30.0,1.0,5.462
1.516,2.0,4.0,8.0,5.0,10.0,8.0,2.516
1.588,4.0,16.0,64.0,30.0,54.0,20.0,5.588
1.619,4.0,8.0,25.0,15.0,40.0,30.0,3.619
1.634,4.0,8.0,16.0,25.0,28.0,5.0,6.634
1.645,2.0,4.0,10.0,10.0,5.0,40.0,7.645
